zeta log_threshold precision_mean precision_std recall_mean recall_std
0 0 0.189224 0.001066257 1 0
0.0039215686 0.0039292781 0.83659562 0.063332735 0.38664335 0.068604048
0.0078431373 0.0078740564 0.85326532 0.064262677 0.35491939 0.067308338
0.011764706 0.011834458 0.86283671 0.063653303 0.33386938 0.066147186
0.015686275 0.015810606 0.8703276 0.062916519 0.31883696 0.064713286
0.019607843 0.019802627 0.87572622 0.062197918 0.30583437 0.063672796
0.023529412 0.023810649 0.88028146 0.06049886 0.29544217 0.06258839
0.02745098 0.027834799 0.8845036 0.058721199 0.28659674 0.061103831
0.031372549 0.031875209 0.88890318 0.057672056 0.2787336 0.059944417
0.035294118 0.035932009 0.89245882 0.056285399 0.27236051 0.059229916
0.039215686 0.040005335 0.8950761 0.056389768 0.26628409 0.058504993
0.043137255 0.04409532 0.89786065 0.056518955 0.26067221 0.057888628
0.047058824 0.048202102 0.89905595 0.05644825 0.25528242 0.056864161
0.050980392 0.052325819 0.90137654 0.056479848 0.25029433 0.056418299
0.054901961 0.056466612 0.90318422 0.056082549 0.24601426 0.056210394
0.058823529 0.060624622 0.90504723 0.056103339 0.24170247 0.055814616
0.062745098 0.064799993 0.90715434 0.055476091 0.23817132 0.055441514
0.066666667 0.068992871 0.90859729 0.055205677 0.23423949 0.054942207
0.070588235 0.073203404 0.91053873 0.054836952 0.2307528 0.054583146
0.074509804 0.07743174 0.91199915 0.054607349 0.22727651 0.054062083
0.078431373 0.081678031 0.91379583 0.054458772 0.22398965 0.053720422
0.082352941 0.08594243 0.91505749 0.054483799 0.22084023 0.05345177
0.08627451 0.090225092 0.91670313 0.053564106 0.21799734 0.053040194
0.090196078 0.094526173 0.91818056 0.053562673 0.21490258 0.052858147
0.094117647 0.098845835 0.91927188 0.053340881 0.21214517 0.052384939
0.098039216 0.10318424 0.92064476 0.052413982 0.20936504 0.052001055
0.10196078 0.10754154 0.92181943 0.052228338 0.20710388 0.051676369
0.10588235 0.11191792 0.92258705 0.051596543 0.20450322 0.051201841
0.10980392 0.11631353 0.92406 0.050654739 0.20230686 0.0507345
0.11372549 0.12072855 0.92484279 0.050218209 0.20003669 0.050346458
0.11764706 0.12516314 0.92545228 0.050159802 0.19753235 0.04988598
0.12156863 0.12961749 0.9265274 0.049340022 0.19529195 0.049298665
0.1254902 0.13409177 0.92716384 0.049049392 0.19311511 0.048819726
0.12941176 0.13858616 0.92760396 0.048546687 0.19100006 0.048618222
0.13333333 0.14310084 0.92812436 0.048367046 0.18890801 0.048371769
0.1372549 0.147636 0.92882996 0.048178264 0.18688087 0.047847329
0.14117647 0.15219182 0.92974242 0.047507773 0.18479872 0.047538565
0.14509804 0.15676848 0.93054849 0.047032695 0.18265578 0.047003513
0.14901961 0.16136619 0.93127946 0.046629691 0.18077408 0.046640452
0.15294118 0.16598514 0.93178317 0.046507839 0.17894553 0.046219706
0.15686275 0.17062552 0.9325034 0.0460842 0.17710777 0.045737185
0.16078431 0.17528753 0.93340859 0.045294839 0.17541788 0.045389595
0.16470588 0.17997138 0.93429088 0.044616508 0.17373833 0.044998173
0.16862745 0.18467727 0.93485172 0.044175099 0.17213217 0.044724386
0.17254902 0.18940541 0.93583169 0.043517603 0.17018784 0.044348533
0.17647059 0.19415601 0.93692181 0.042850573 0.16841274 0.043880051
0.18039216 0.19892929 0.93779666 0.042429551 0.16724974 0.043626312
0.18431373 0.20372547 0.93801774 0.042415041 0.16558073 0.043311644
0.18823529 0.20854475 0.93905581 0.041692731 0.16419638 0.043018908
0.19215686 0.21338738 0.93964803 0.041532327 0.16264347 0.042745446
0.19607843 0.21825357 0.94072211 0.040776557 0.16120823 0.042292375
0.2 0.22314355 0.94190159 0.040140636 0.15972006 0.041836184
0.20392157 0.22805757 0.94288595 0.039510756 0.15834549 0.041598505
0.20784314 0.23299585 0.94369846 0.03901805 0.15680437 0.041226839
0.21176471 0.23795864 0.94398049 0.038946307 0.15536827 0.04076921
0.21568627 0.24294618 0.94394773 0.03896709 0.15396293 0.040314943
0.21960784 0.24795872 0.94449477 0.038381341 0.15256924 0.040127966
0.22352941 0.25299651 0.94492358 0.038013338 0.15115389 0.039767732
0.22745098 0.25805982 0.94542382 0.037704185 0.1498235 0.039329691
0.23137255 0.26314889 0.94596304 0.037362363 0.14850244 0.039061177
0.23529412 0.26826399 0.9473233 0.036371406 0.14727597 0.038676786
0.23921569 0.27340539 0.94798591 0.036536169 0.14591306 0.038558541
0.24313725 0.27857336 0.94850533 0.036069508 0.14456192 0.038024459
0.24705882 0.28376817 0.94923788 0.035608229 0.14324079 0.037619152
0.25098039 0.28899012 0.94997066 0.035223351 0.1420466 0.037555286
0.25490196 0.29423947 0.95013758 0.034971772 0.14091613 0.037372878
0.25882353 0.29951653 0.95052844 0.034585375 0.1398703 0.037188938
0.2627451 0.30482158 0.95073076 0.034691964 0.13860199 0.036882563
0.26666667 0.31015493 0.95168542 0.034011468 0.13763006 0.03653196
0.27058824 0.31551687 0.95266483 0.033638987 0.13647838 0.036143743
0.2745098 0.32090772 0.95308156 0.033444238 0.13540146 0.03592207
0.27843137 0.32632779 0.95357825 0.033135825 0.13427086 0.035653113
0.28235294 0.33177739 0.95416184 0.03280813 0.13300213 0.03544494
0.28627451 0.33725686 0.95468085 0.03247408 0.13175637 0.034958817
0.29019608 0.34276651 0.95533281 0.032025624 0.1305735 0.034813272
0.29411765 0.34830669 0.95567383 0.03179559 0.12940122 0.034657377
0.29803922 0.35387774 0.95614089 0.03165592 0.12833412 0.034324076
0.30196078 0.35947999 0.95710744 0.031222773 0.12705587 0.034089136
0.30588235 0.36511381 0.9573186 0.0311685 0.12603215 0.033711795
0.30980392 0.37077955 0.9578343 0.030823271 0.1249022 0.033413528
0.31372549 0.37647757 0.95812555 0.030623025 0.12387837 0.033245252
0.31764706 0.38220825 0.95835864 0.030420425 0.12289577 0.033103438
0.32156863 0.38797195 0.95931517 0.029799531 0.12177515 0.03305574
0.3254902 0.39376907 0.9595984 0.029739673 0.12080315 0.03282879
0.32941176 0.39959999 0.96054899 0.02911095 0.11983267 0.032517621
0.33333333 0.40546511 0.96116877 0.028688183 0.11845951 0.032266995
0.3372549 0.41136483 0.96165126 0.028310424 0.11735032 0.032217114
0.34117647 0.41729957 0.96221461 0.027717991 0.11643094 0.032188881
0.34509804 0.42326973 0.96237927 0.027908861 0.11560641 0.032121036
0.34901961 0.42927576 0.96281782 0.027748294 0.1145806 0.032042263
0.35294118 0.43531807 0.96315365 0.027797749 0.11365086 0.031850754
0.35686275 0.44139712 0.96360514 0.027358315 0.11262632 0.031578718
0.36078431 0.44751334 0.96341551 0.027511184 0.11153785 0.031355135
0.36470588 0.45366721 0.96391788 0.027335524 0.11059829 0.030919516
0.36862745 0.45985918 0.9640737 0.027083489 0.10943608 0.030588643
0.37254902 0.46608973 0.96437211 0.02674439 0.10870747 0.030406342
0.37647059 0.47235934 0.96423139 0.026901958 0.10764076 0.030322441
0.38039216 0.47866851 0.96468192 0.026604466 0.10668991 0.030026561
0.38431373 0.48501774 0.96455031 0.026624726 0.10581399 0.029673342
0.38823529 0.49140754 0.96492261 0.02647549 0.10470421 0.029354438
0.39215686 0.49783843 0.96487314 0.026514069 0.10388087 0.029063483
0.39607843 0.50431094 0.96541917 0.026085466 0.10293082 0.028777423
0.4 0.51082562 0.96601496 0.025716293 0.10207499 0.028416264
0.40392157 0.51738302 0.96600104 0.025774188 0.10116628 0.02814339
0.40784314 0.52398371 0.96653695 0.025289363 0.10019393 0.027884654
0.41176471 0.53062825 0.96687883 0.025119911 0.099412182 0.027871665
0.41568627 0.53731724 0.96718658 0.024867706 0.098546076 0.027671882
0.41960784 0.54405127 0.96710767 0.024903927 0.09775388 0.027517328
0.42352941 0.55083096 0.9675961 0.024504642 0.096865931 0.02731336
0.42745098 0.55765692 0.96819003 0.023841473 0.096010019 0.027228984
0.43137255 0.5645298 0.96895242 0.023258208 0.0951333 0.027067451
0.43529412 0.57145025 0.96901317 0.023282193 0.094489631 0.026737678
0.43921569 0.57841891 0.96978841 0.022561032 0.09381259 0.026683695
0.44313725 0.58543649 0.97030538 0.022174766 0.0931464 0.02660346
0.44705882 0.59250365 0.97027712 0.022503605 0.092407569 0.026418793
0.45098039 0.59962112 0.97100309 0.022123176 0.091573638 0.02632065
0.45490196 0.60678961 0.97151376 0.02151833 0.090781634 0.026170233
0.45882353 0.61400986 0.97138939 0.021617668 0.089883293 0.0261162
0.4627451 0.62128262 0.97189916 0.021323859 0.089006366 0.025782185
0.46666667 0.62860866 0.97264395 0.020623194 0.088130615 0.025597041
0.47058824 0.63598877 0.97270101 0.020831641 0.08728483 0.025416622
0.4745098 0.64342375 0.9730026 0.020699661 0.086566862 0.025295148
0.47843137 0.65091442 0.97375044 0.020335778 0.085794724 0.025170852
0.48235294 0.65846162 0.97398735 0.02014321 0.084991819 0.024901824
0.48627451 0.66606622 0.97421242 0.019853875 0.084178021 0.024714522
0.49019608 0.67372909 0.97450227 0.019777651 0.083660361 0.024675233
0.49411765 0.68145114 0.97456833 0.019748755 0.082773193 0.02451674
0.49803922 0.68923328 0.97522695 0.019029065 0.082096686 0.024356802
0.50196078 0.69707646 0.97522645 0.019069709 0.081147 0.023989774
0.50588235 0.70498164 0.9754891 0.018980664 0.080565791 0.023974659
0.50980392 0.71294981 0.97596817 0.018778232 0.079678682 0.023703565
0.51372549 0.72098198 0.97619004 0.018665063 0.079130043 0.023589684
0.51764706 0.72907919 0.97664454 0.018487504 0.078295266 0.023513633
0.52156863 0.7372425 0.97706547 0.018236441 0.077597705 0.023421758
0.5254902 0.745473 0.97755864 0.018060335 0.076952897 0.023200958
0.52941176 0.7537718 0.97858225 0.017221251 0.076277283 0.023005881
0.53333333 0.76214005 0.97942822 0.016548996 0.075359 0.022788693
0.5372549 0.77057892 0.98001588 0.016332247 0.074672026 0.022672705
0.54117647 0.77908961 0.98046603 0.016145551 0.073942545 0.022566619
0.54509804 0.78767335 0.98090537 0.015848228 0.073023444 0.022384181
0.54901961 0.79633142 0.98129398 0.015536725 0.072294136 0.022181366
0.55294118 0.8050651 0.98178295 0.01560246 0.071597302 0.022021544
0.55686275 0.81387573 0.98219863 0.015264368 0.070825945 0.021766202
0.56078431 0.82276467 0.98231397 0.015104829 0.070139417 0.021649797
0.56470588 0.83173334 0.98275971 0.014929236 0.069527115 0.021383437
0.56862745 0.84078318 0.9827255 0.01498009 0.06883013 0.021211922
0.57254902 0.84991566 0.98288776 0.014709234 0.068154088 0.020954448
0.57647059 0.85913232 0.98352782 0.014452648 0.067467824 0.020770456
0.58039216 0.86843471 0.98365658 0.014358909 0.06670687 0.020483599
0.58431373 0.87782445 0.98366809 0.014374278 0.066178889 0.020355967
0.58823529 0.8873032 0.98362119 0.014441588 0.0655337 0.020257274
0.59215686 0.89687265 0.98394693 0.014130676 0.064931818 0.020096995
0.59607843 0.90653456 0.98441947 0.013632061 0.064277271 0.01995099
0.6 0.91629073 0.98543464 0.012880456 0.063686371 0.019869685
0.60392157 0.92614303 0.98543498 0.012787611 0.062947348 0.019763834
0.60784314 0.93609336 0.98545902 0.012794295 0.062313926 0.019586357
0.61176471 0.9461437 0.98548827 0.012675596 0.061532049 0.019263811
0.61568627 0.95629607 0.98602478 0.012354509 0.060823905 0.019056084
0.61960784 0.96655257 0.98605024 0.012377716 0.060222348 0.018903191
0.62352941 0.97691535 0.98660606 0.012079516 0.059557312 0.018761381
0.62745098 0.98738665 0.98711575 0.011513406 0.058870868 0.018669871
0.63137255 0.99796876 0.98734632 0.011597847 0.058226882 0.018538998
0.63529412 1.0086641 0.98715449 0.011767703 0.057360875 0.01840071
0.63921569 1.019475 0.98721647 0.011614846 0.056706538 0.01817823
0.64313725 1.030404 0.98722908 0.011613482 0.056019394 0.018107013
0.64705882 1.0414539 0.98811652 0.011451376 0.055407452 0.017794743
0.65098039 1.0526272 0.98836962 0.011707412 0.054785201 0.017687047
0.65490196 1.0639267 0.98846502 0.011494268 0.054236055 0.017589378
0.65882353 1.0753554 0.98908583 0.010895106 0.0535603 0.017414776
0.6627451 1.0869162 0.98958231 0.010216376 0.05295861 0.017256207
0.66666667 1.0986123 0.9894679 0.010335629 0.052377562 0.017053562
0.67058824 1.1104467 0.98999141 0.010221632 0.051743177 0.016785873
0.6745098 1.1224229 0.99004978 0.01020083 0.051119755 0.016719334
0.67843137 1.1345443 0.9907337 0.010069876 0.050369286 0.016596728
0.68235294 1.1468144 0.99151238 0.0099276033 0.049809986 0.016423477
0.68627451 1.1592369 0.991871 0.010376013 0.049187105 0.016227993
0.69019608 1.1718157 0.99198635 0.010332835 0.048647994 0.016076572
0.69411765 1.1845547 0.99187404 0.010471287 0.048003373 0.015989183
0.69803922 1.1974581 0.99200283 0.010432072 0.047379918 0.015851488
0.70196078 1.2105302 0.99231141 0.010372187 0.046863411 0.015660172
0.70588235 1.2237754 0.99264306 0.01032961 0.046346385 0.01557211
0.70980392 1.2371985 0.99278967 0.010030613 0.045786723 0.015495016
0.71372549 1.2508041 0.99265748 0.010245742 0.045269679 0.015438781
0.71764706 1.2645974 0.99273506 0.010380487 0.044614588 0.015336153
0.72156863 1.2785837 0.99291527 0.010021925 0.044076313 0.015126976
0.7254902 1.2927683 0.99281147 0.01017667 0.043368424 0.015082367
0.72941176 1.307157 0.99272483 0.010319858 0.042851319 0.014889036
0.73333333 1.3217558 0.99284547 0.010410358 0.042217471 0.014648081
0.7372549 1.3365709 0.9929448 0.010577836 0.041531085 0.014575728
0.74117647 1.3516088 0.99305716 0.010758288 0.040918721 0.014307427
0.74509804 1.3668763 0.99325941 0.010336136 0.04037983 0.014186293
0.74901961 1.3823805 0.99312179 0.010573341 0.039725431 0.014031642
0.75294118 1.3981288 0.99329972 0.01019495 0.03914454 0.013837806
0.75686275 1.4141292 0.99399678 0.009771776 0.038669476 0.013738343
0.76078431 1.4303897 0.99391042 0.0099191924 0.038056627 0.013595933
0.76470588 1.446919 0.99382081 0.010054549 0.037411812 0.013343914
0.76862745 1.4637261 0.99397348 0.010251772 0.036640398 0.013285493
0.77254902 1.4808205 0.99419635 0.0097916505 0.036101807 0.013178868
0.77647059 1.4982123 0.99438634 0.009376847 0.035351138 0.013080267
0.78039216 1.5159119 0.99429958 0.0095137535 0.034790743 0.012896513
0.78431373 1.5339304 0.99447165 0.0097515685 0.034136159 0.012716612
0.78823529 1.5522795 0.99430019 0.010071889 0.033323712 0.012547465
0.79215686 1.5709716 0.9945361 0.0095888117 0.032764206 0.01233585
0.79607843 1.5900198 0.99440819 0.009812037 0.032108665 0.012118547
0.8 1.6094379 0.99460827 0.01007043 0.031612 0.012019195
0.80392157 1.6292405 0.99487908 0.0095163234 0.03093573 0.011852298
0.80784314 1.6494432 0.99513741 0.0089943129 0.030492871 0.01186666
0.81176471 1.6700625 0.99542874 0.008394459 0.029721353 0.011574801
0.81568627 1.6911159 0.99533058 0.0085778168 0.028960976 0.011364384
0.81960784 1.7126221 0.9951162 0.0089902 0.028010809 0.011282784
0.82352941 1.7346011 0.99484225 0.0095295356 0.027399381 0.011253773
0.82745098 1.7570739 0.9955453 0.008118371 0.026576564 0.010848741
0.83137255 1.7800634 0.99592344 0.0073571207 0.026112051 0.01072774
0.83529412 1.8035939 0.99621615 0.0067600722 0.025235961 0.010276829
0.83921569 1.8276915 0.99661302 0.0059574964 0.02447569 0.0100204
0.84313725 1.8523841 0.99704861 0.0050794232 0.023915677 0.0097283017
0.84705882 1.8777019 0.99694269 0.0052730058 0.023197467 0.0094781694
0.85098039 1.9036774 0.99772727 0.0045454545 0.022468941 0.0092643938
0.85490196 1.9303456 0.99764012 0.004719764 0.021877698 0.0089644006
0.85882353 1.9577446 0.9975976 0.0048048048 0.021275462 0.008715089
0.8627451 1.9859155 0.99810127 0.0037974684 0.02050455 0.0083874667
0.86666667 2.014903 0.99869707 0.0026058632 0.019848986 0.0080024915
0.87058824 2.044756 0.99861592 0.0027681661 0.019151711 0.0076346193
0.8745098 2.0755276 0.99928315 0.0014336918 0.018506795 0.0072519251
0.87843137 2.1072763 1 0 0.017872873 0.0068855737
0.88235294 2.1400662 1 0 0.017365337 0.0066932974
0.88627451 2.1739677 1 0 0.016700069 0.0065401205
0.89019608 2.209059 1 0 0.016012971 0.0062209412
0.89411765 2.2454267 1 0 0.015399512 0.0059519868
0.89803922 2.283167 1 0 0.014818706 0.005867668
0.90196078 2.3223877 1 0 0.014289999 0.0056987069
0.90588235 2.3632097 1 0 0.013698357 0.0054998141
0.90980392 2.4057693 1 0 0.013243877 0.0053580723
0.91372549 2.4502211 1 0 0.012620401 0.0051237476
0.91764706 2.4967411 1 0 0.011944473 0.0049946118
0.92156863 2.5455313 1 0 0.011405316 0.0048044658
0.9254902 2.5968246 1 0 0.01081336 0.004556758
0.92941176 2.6508918 1 0 0.010285313 0.004424847
0.93333333 2.7080502 1 0 0.0097038459 0.0042733224
0.9372549 2.7686748 1 0 0.0091860124 0.0041756581
0.94117647 2.8332133 1 0 0.0084772642 0.0039081301
0.94509804 2.9022062 1 0 0.0078011342 0.0036787796
0.94901961 2.9763142 1 0 0.0073034317 0.0035278087
0.95294118 3.0563569 1 0 0.0067115379 0.0033422134
0.95686275 3.1433683 1 0 0.0062039401 0.0031589153
0.96078431 3.2386785 1 0 0.0056217961 0.0028825792
0.96470588 3.344039 1 0 0.0049862812 0.0025282752
0.96862745 3.461822 1 0 0.0043500578 0.0020958615
0.97254902 3.5953534 1 0 0.0037352182 0.0017856621
0.97647059 3.7495041 1 0 0.0031643353 0.0015203772
0.98039216 3.9318256 1 0 0.0025821195 0.0012217797
0.98431373 4.1549692 1 0 0.0019257889 0.00090765881
0.98823529 4.4426513 1 0 0.0014280897 0.00066519913
0.99215686 4.8481164 1 0 0.00093028776 0.00043636385
0.99607843 5.5412635 1 0 0.00043335217 0.00017812975
1 inf 1 0 0 0
