zeta log_threshold precision_mean precision_std recall_mean recall_std
0 0 0.189224 0.001066257 1 0
0.0039215686 0.0039292781 0.55918637 0.020909485 0.98849958 0.013643958
0.0078431373 0.0078740564 0.58826078 0.018622219 0.9826121 0.017575988
0.011764706 0.011834458 0.60715426 0.017526742 0.97830421 0.019855231
0.015686275 0.015810606 0.62125424 0.017477425 0.97494563 0.021821198
0.019607843 0.019802627 0.63305637 0.017518653 0.97205144 0.023247866
0.023529412 0.023810649 0.64306935 0.01796756 0.96926354 0.024959807
0.02745098 0.027834799 0.65229994 0.018028342 0.96673921 0.026081059
0.031372549 0.031875209 0.6604785 0.018500642 0.96461779 0.027310305
0.035294118 0.035932009 0.66756223 0.018856339 0.96229407 0.028532589
0.039215686 0.040005335 0.67402331 0.01932047 0.96013893 0.029518704
0.043137255 0.04409532 0.67999535 0.019828789 0.95805634 0.030224855
0.047058824 0.048202102 0.68591205 0.019808427 0.95589046 0.031031334
0.050980392 0.052325819 0.69112185 0.020189483 0.95366855 0.031344503
0.054901961 0.056466612 0.69626119 0.020637924 0.95130911 0.031631059
0.058823529 0.060624622 0.70109284 0.021045521 0.94826026 0.031427585
0.062745098 0.064799993 0.7055785 0.021279231 0.94549695 0.03155059
0.066666667 0.068992871 0.70984699 0.021592043 0.94316915 0.031585237
0.070588235 0.073203404 0.71403621 0.021921719 0.94111676 0.031705669
0.074509804 0.07743174 0.71801482 0.022513227 0.9389689 0.031640559
0.078431373 0.081678031 0.72157433 0.022853933 0.93647255 0.031712636
0.082352941 0.08594243 0.72534209 0.023103646 0.93438939 0.031708863
0.08627451 0.090225092 0.72867957 0.023573538 0.9323173 0.0315658
0.090196078 0.094526173 0.73182327 0.023850766 0.93015942 0.031681934
0.094117647 0.098845835 0.73493949 0.024027253 0.92811758 0.031679933
0.098039216 0.10318424 0.73803112 0.024277019 0.92604597 0.031699057
0.10196078 0.10754154 0.74091123 0.024170844 0.9237961 0.031673784
0.10588235 0.11191792 0.74385266 0.024203167 0.92140868 0.031453042
0.10980392 0.11631353 0.74682891 0.024420126 0.91920995 0.031250909
0.11372549 0.12072855 0.74949243 0.024392983 0.91713736 0.030885037
0.11764706 0.12516314 0.75216564 0.024446544 0.91481183 0.030739011
0.12156863 0.12961749 0.75478833 0.024770523 0.91242363 0.03031765
0.1254902 0.13409177 0.75719264 0.024896693 0.90996067 0.030134124
0.12941176 0.13858616 0.75973349 0.024956031 0.90773059 0.029929391
0.13333333 0.14310084 0.76238608 0.024642807 0.90534098 0.029379482
0.1372549 0.147636 0.76463558 0.024772814 0.90312078 0.02907042
0.14117647 0.15219182 0.76687544 0.024631332 0.90101748 0.029096494
0.14509804 0.15676848 0.76935372 0.024653411 0.89879716 0.028826027
0.14901961 0.16136619 0.77166155 0.024538515 0.89670483 0.02845183
0.15294118 0.16598514 0.77378177 0.024530947 0.89441036 0.028140631
0.15686275 0.17062552 0.77581565 0.024501125 0.89239151 0.027672467
0.16078431 0.17528753 0.77790519 0.024623617 0.89028895 0.027450827
0.16470588 0.17997138 0.7800379 0.024560992 0.88807792 0.027100884
0.16862745 0.18467727 0.78215084 0.024387067 0.88606902 0.026552545
0.17254902 0.18940541 0.78403978 0.024542609 0.88367038 0.026315002
0.17647059 0.19415601 0.78595161 0.024572149 0.88157718 0.026026101
0.18039216 0.19892929 0.78757465 0.024340739 0.87946422 0.025577457
0.18431373 0.20372547 0.78959995 0.02424954 0.87742526 0.025206729
0.18823529 0.20854475 0.79151877 0.023911771 0.87536441 0.024758281
0.19215686 0.21338738 0.79343969 0.024006096 0.87363091 0.024529742
0.19607843 0.21825357 0.79510215 0.024253512 0.87139061 0.023973819
0.2 0.22314355 0.79705293 0.024296331 0.86948939 0.023522354
0.20392157 0.22805757 0.79899636 0.024234579 0.86758832 0.023226742
0.20784314 0.23299585 0.80089243 0.024340202 0.86542207 0.022942481
0.21176471 0.23795864 0.80284763 0.024160105 0.86354061 0.02256901
0.21568627 0.24294618 0.80459304 0.024032938 0.86143806 0.022211282
0.21960784 0.24795872 0.80615781 0.023960804 0.85954773 0.021930328
0.22352941 0.25299651 0.80799511 0.024046697 0.85745511 0.021780754
0.22745098 0.25805982 0.80968855 0.02381735 0.85540739 0.021338506
0.23137255 0.26314889 0.81151086 0.02381563 0.85325252 0.021242408
0.23529412 0.26826399 0.81325357 0.024004814 0.85106528 0.021075125
0.23921569 0.27340539 0.81496115 0.023937815 0.84884631 0.020696336
0.24313725 0.27857336 0.81652069 0.023656221 0.84680687 0.020475283
0.24705882 0.28376817 0.81824735 0.023600001 0.84472498 0.020396426
0.25098039 0.28899012 0.8199475 0.023637177 0.84249598 0.020209761
0.25490196 0.29423947 0.82153788 0.023598557 0.84050914 0.019961052
0.25882353 0.29951653 0.82325128 0.023517667 0.8381735 0.019758064
0.2627451 0.30482158 0.82461905 0.02333817 0.83611247 0.019627349
0.26666667 0.31015493 0.82591685 0.023364225 0.8340412 0.019528
0.27058824 0.31551687 0.82725343 0.023318846 0.83188563 0.019295427
0.2745098 0.32090772 0.82873503 0.023456728 0.82979458 0.019343487
0.27843137 0.32632779 0.83036831 0.02301183 0.82759903 0.019223415
0.28235294 0.33177739 0.83188739 0.022861088 0.82541187 0.019060527
0.28627451 0.33725686 0.83327794 0.022842111 0.82313951 0.019019596
0.29019608 0.34276651 0.83476651 0.022861105 0.8207409 0.018872662
0.29411765 0.34830669 0.83595679 0.022945365 0.8182059 0.018640161
0.29803922 0.35387774 0.83737702 0.022750418 0.81602902 0.018543462
0.30196078 0.35947999 0.83884407 0.022554312 0.81351333 0.018069294
0.30588235 0.36511381 0.84023297 0.0224938 0.81141056 0.017802606
0.30980392 0.37077955 0.84148438 0.022279985 0.80866295 0.017603233
0.31372549 0.37647757 0.8426047 0.022332144 0.80633972 0.018027943
0.31764706 0.38220825 0.84374572 0.022261846 0.8038788 0.018043019
0.32156863 0.38797195 0.84514909 0.022145423 0.80156425 0.017866612
0.3254902 0.39376907 0.84670615 0.022118272 0.79944091 0.01784911
0.32941176 0.39959999 0.84793991 0.021871905 0.79710503 0.017647238
0.33333333 0.40546511 0.84913229 0.021686053 0.7950116 0.017501747
0.3372549 0.41136483 0.85018252 0.021601538 0.79244459 0.017511772
0.34117647 0.41729957 0.85140411 0.021596979 0.7899525 0.017597295
0.34509804 0.42326973 0.85239188 0.02151983 0.78764956 0.017666838
0.34901961 0.42927576 0.85359707 0.021270057 0.78515614 0.017879602
0.35294118 0.43531807 0.85469947 0.020891689 0.78269553 0.017990436
0.35686275 0.44139712 0.8557596 0.020743905 0.77996982 0.018115667
0.36078431 0.44751334 0.85687198 0.020978325 0.77734074 0.018605741
0.36470588 0.45366721 0.85799069 0.020789379 0.77475071 0.018605388
0.36862745 0.45985918 0.85918094 0.020806896 0.77239505 0.018788137
0.37254902 0.46608973 0.86017925 0.020836247 0.76995605 0.019195459
0.37647059 0.47235934 0.86124479 0.020566598 0.76729526 0.019512222
0.38039216 0.47866851 0.86213663 0.020671738 0.76488681 0.019957212
0.38431373 0.48501774 0.86328518 0.02059187 0.76218348 0.020564665
0.38823529 0.49140754 0.86452206 0.020452525 0.75992285 0.020872954
0.39215686 0.49783843 0.86561378 0.020528374 0.75712348 0.021065352
0.39607843 0.50431094 0.86670562 0.020368014 0.75474807 0.021500788
0.4 0.51082562 0.86780731 0.020446214 0.75211858 0.021813643
0.40392157 0.51738302 0.86872857 0.020597824 0.74921592 0.022542331
0.40784314 0.52398371 0.86988806 0.020263427 0.74658719 0.023092031
0.41176471 0.53062825 0.87082719 0.020477874 0.74387216 0.023493533
0.41568627 0.53731724 0.87178194 0.020572283 0.74071486 0.024049671
0.41960784 0.54405127 0.87247283 0.020479878 0.7376843 0.024437169
0.42352941 0.55083096 0.87336814 0.020259333 0.73475918 0.024712355
0.42745098 0.55765692 0.87433283 0.020059033 0.73205629 0.025144224
0.43137255 0.5645298 0.87519419 0.020091281 0.7286228 0.025345858
0.43529412 0.57145025 0.87624974 0.019955254 0.72560232 0.025648892
0.43921569 0.57841891 0.87725535 0.02006284 0.72246626 0.026090054
0.44313725 0.58543649 0.87820143 0.019933507 0.71954089 0.026548047
0.44705882 0.59250365 0.87907277 0.019925648 0.71693184 0.026961642
0.45098039 0.59962112 0.87993954 0.019903041 0.71422858 0.027480661
0.45490196 0.60678961 0.88065431 0.019922382 0.71114353 0.02773724
0.45882353 0.61400986 0.88147676 0.019821598 0.70837336 0.027722668
0.4627451 0.62128262 0.88226675 0.019817718 0.70535127 0.027850455
0.46666667 0.62860866 0.88309895 0.019972699 0.70240244 0.027878722
0.47058824 0.63598877 0.88398195 0.01974904 0.69957123 0.028423851
0.4745098 0.64342375 0.88509839 0.01969881 0.69632684 0.028576756
0.47843137 0.65091442 0.88589972 0.019854293 0.69313521 0.028689842
0.48235294 0.65846162 0.88664883 0.019961872 0.69023981 0.02890523
0.48627451 0.66606622 0.8874123 0.019765871 0.6872376 0.02896649
0.49019608 0.67372909 0.88828728 0.019735727 0.6839282 0.029206714
0.49411765 0.68145114 0.88887084 0.019825376 0.68075423 0.029063901
0.49803922 0.68923328 0.88990929 0.01991375 0.67760247 0.028985953
0.50196078 0.69707646 0.89066118 0.019997473 0.67452582 0.028895095
0.50588235 0.70498164 0.89148677 0.020000927 0.67136559 0.029195309
0.50980392 0.71294981 0.89220114 0.019951825 0.66829944 0.029232322
0.51372549 0.72098198 0.89285824 0.020004617 0.66466169 0.029303141
0.51764706 0.72907919 0.89366447 0.019910557 0.66167065 0.029371103
0.52156863 0.7372425 0.8943686 0.019727576 0.65817085 0.029430718
0.5254902 0.745473 0.89509348 0.019777261 0.65498858 0.029555041
0.52941176 0.7537718 0.89578955 0.019792833 0.65169963 0.029561034
0.53333333 0.76214005 0.89648738 0.020194986 0.64802955 0.029541462
0.5372549 0.77057892 0.89713155 0.020036327 0.64500513 0.029571839
0.54117647 0.77908961 0.8978171 0.020056664 0.64188578 0.029492562
0.54509804 0.78767335 0.89866006 0.019766774 0.63873425 0.029338146
0.54901961 0.79633142 0.89951469 0.01969481 0.63560053 0.028865315
0.55294118 0.8050651 0.90044631 0.019634855 0.63239661 0.028945504
0.55686275 0.81387573 0.90106807 0.019649694 0.62918319 0.029264089
0.56078431 0.82276467 0.90183813 0.019566196 0.62586541 0.029642184
0.56470588 0.83173334 0.90263396 0.01920013 0.62253546 0.02956655
0.56862745 0.84078318 0.90343116 0.019215006 0.61927884 0.02919195
0.57254902 0.84991566 0.90440421 0.018990854 0.61611527 0.028841473
0.57647059 0.85913232 0.90551001 0.018948297 0.61291247 0.028921334
0.58039216 0.86843471 0.90629741 0.018689669 0.60951917 0.028917204
0.58431373 0.87782445 0.9069584 0.018473236 0.60628328 0.028884881
0.58823529 0.8873032 0.90785697 0.018441714 0.60296211 0.028810336
0.59215686 0.89687265 0.90894444 0.018201324 0.59985479 0.02891489
0.59607843 0.90653456 0.90969069 0.018286367 0.59688407 0.029203137
0.6 0.91629073 0.91059091 0.018312521 0.59363916 0.0292685
0.60392157 0.92614303 0.91138149 0.018035421 0.59051042 0.029341674
0.60784314 0.93609336 0.91235453 0.018002094 0.58744646 0.029488402
0.61176471 0.9461437 0.91320161 0.01763744 0.58447632 0.029635876
0.61568627 0.95629607 0.914117 0.017366258 0.58156786 0.029636006
0.61960784 0.96655257 0.91476736 0.017348815 0.57830255 0.029907592
0.62352941 0.97691535 0.91557211 0.017255626 0.57534288 0.030032111
0.62745098 0.98738665 0.91631515 0.017252598 0.57221372 0.029861206
0.63137255 0.99796876 0.91705524 0.017421269 0.56896761 0.029831474
0.63529412 1.0086641 0.91784184 0.017199687 0.56599961 0.030035108
0.63921569 1.019475 0.91851759 0.017139563 0.56262784 0.030034573
0.64313725 1.030404 0.91904145 0.017030795 0.55934968 0.030054164
0.64705882 1.0414539 0.91962532 0.016960943 0.55590288 0.029937896
0.65098039 1.0526272 0.92039921 0.016819811 0.55295362 0.029951157
0.65490196 1.0639267 0.92131468 0.016882103 0.54969692 0.029674693
0.65882353 1.0753554 0.92224518 0.016796217 0.54660044 0.029685322
0.6627451 1.0869162 0.92289542 0.016849894 0.54313268 0.029554088
0.66666667 1.0986123 0.92375894 0.016766569 0.53988641 0.029713584
0.67058824 1.1104467 0.92439793 0.016655602 0.53700207 0.030123223
0.6745098 1.1224229 0.92537161 0.016550358 0.53406227 0.029910345
0.67843137 1.1345443 0.92641726 0.016430499 0.53084797 0.029922789
0.68235294 1.1468144 0.92740909 0.01631289 0.52760364 0.029967974
0.68627451 1.1592369 0.92792845 0.016320629 0.52452652 0.02974733
0.69019608 1.1718157 0.92901784 0.016379882 0.52139659 0.029643287
0.69411765 1.1845547 0.92964935 0.016404792 0.51808765 0.029776502
0.69803922 1.1974581 0.93039287 0.016118865 0.51472597 0.029749312
0.70196078 1.2105302 0.93127807 0.015991301 0.51154417 0.029592011
0.70588235 1.2237754 0.93159431 0.015928493 0.50813992 0.029087483
0.70980392 1.2371985 0.93234826 0.016125097 0.50453313 0.028940517
0.71372549 1.2508041 0.93330565 0.01597792 0.5011846 0.029146679
0.71764706 1.2645974 0.93401048 0.01586403 0.49782343 0.029099489
0.72156863 1.2785837 0.93486286 0.015990378 0.49425159 0.029101858
0.7254902 1.2927683 0.93555778 0.01603328 0.49099608 0.029051302
0.72941176 1.307157 0.93607219 0.016032418 0.48751925 0.028986775
0.73333333 1.3217558 0.93674129 0.015772311 0.48404059 0.028559707
0.7372549 1.3365709 0.93769652 0.015804694 0.48060634 0.028558423
0.74117647 1.3516088 0.93854692 0.015840949 0.47706347 0.028150461
0.74509804 1.3668763 0.9395219 0.015759051 0.4733543 0.028328888
0.74901961 1.3823805 0.94033678 0.015603036 0.46969901 0.028309327
0.75294118 1.3981288 0.94114687 0.015747406 0.46605275 0.028339292
0.75686275 1.4141292 0.94200709 0.015618878 0.46239517 0.028033496
0.76078431 1.4303897 0.94253324 0.015541793 0.4584104 0.02801852
0.76470588 1.446919 0.94316343 0.01544132 0.4547849 0.027866534
0.76862745 1.4637261 0.94388437 0.015447005 0.45133776 0.027172303
0.77254902 1.4808205 0.94477031 0.01554249 0.44736146 0.026836563
0.77647059 1.4982123 0.9450121 0.015467106 0.44330249 0.026364095
0.78039216 1.5159119 0.94560984 0.015538494 0.43939246 0.026055358
0.78431373 1.5339304 0.94647132 0.015280138 0.43569375 0.025869111
0.78823529 1.5522795 0.94694722 0.014867953 0.43175101 0.025486649
0.79215686 1.5709716 0.94770838 0.014751805 0.42792329 0.025180842
0.79607843 1.5900198 0.94857789 0.014350492 0.42397664 0.024557206
0.8 1.6094379 0.94928314 0.014298504 0.41985438 0.024232861
0.80392157 1.6292405 0.95014468 0.014405739 0.41538184 0.023758026
0.80784314 1.6494432 0.95073597 0.01413626 0.41054898 0.023343291
0.81176471 1.6700625 0.95149724 0.013880397 0.40587721 0.02302183
0.81568627 1.6911159 0.95230516 0.013420317 0.40112041 0.022745761
0.81960784 1.7126221 0.95283023 0.013364851 0.39687125 0.022805724
0.82352941 1.7346011 0.95335019 0.013148983 0.39231655 0.022798364
0.82745098 1.7570739 0.95410441 0.012934027 0.38731452 0.02214543
0.83137255 1.7800634 0.95487939 0.01252033 0.38283413 0.022265359
0.83529412 1.8035939 0.95532555 0.012405319 0.37844743 0.022025989
0.83921569 1.8276915 0.9561733 0.012071779 0.37392405 0.021946928
0.84313725 1.8523841 0.95694076 0.012129113 0.36968603 0.022060959
0.84705882 1.8777019 0.95752621 0.012349786 0.36502749 0.021823759
0.85098039 1.9036774 0.95838894 0.011799132 0.35996272 0.02122301
0.85490196 1.9303456 0.95942126 0.011612402 0.35514423 0.02130358
0.85882353 1.9577446 0.96011379 0.01158053 0.35013705 0.02163479
0.8627451 1.9859155 0.96065208 0.011668645 0.34511864 0.021427936
0.86666667 2.014903 0.96176559 0.010908952 0.34001435 0.021239455
0.87058824 2.044756 0.96281015 0.010780367 0.33476143 0.020705974
0.8745098 2.0755276 0.96356984 0.010692334 0.32927851 0.020731757
0.87843137 2.1072763 0.96434929 0.010200044 0.32367829 0.020756898
0.88235294 2.1400662 0.96514531 0.010076839 0.31810735 0.020611488
0.88627451 2.1739677 0.96625788 0.0098546883 0.31202962 0.020333927
0.89019608 2.209059 0.96698095 0.010229367 0.30591142 0.020726924
0.89411765 2.2454267 0.96754197 0.010129762 0.29955954 0.020772429
0.89803922 2.283167 0.96841019 0.010071775 0.29316689 0.02105582
0.90196078 2.3223877 0.9692134 0.0096536705 0.28663648 0.021264383
0.90588235 2.3632097 0.96998314 0.0095419284 0.2804009 0.021244458
0.90980392 2.4057693 0.97074124 0.0091218592 0.27382568 0.021071855
0.91372549 2.4502211 0.97115762 0.0092442149 0.26668988 0.021122528
0.91764706 2.4967411 0.97172433 0.0091952465 0.25926779 0.020806838
0.92156863 2.5455313 0.97263542 0.0095454406 0.25221884 0.020871182
0.9254902 2.5968246 0.97332578 0.0093201221 0.24529537 0.020715473
0.92941176 2.6508918 0.97373496 0.0090155241 0.23835334 0.020942747
0.93333333 2.7080502 0.97451348 0.0087218151 0.23094889 0.020754063
0.9372549 2.7686748 0.97495187 0.0089421789 0.2227686 0.019984576
0.94117647 2.8332133 0.9753784 0.0089170586 0.21453908 0.019905546
0.94509804 2.9022062 0.97619121 0.0087745293 0.20611791 0.019873868
0.94901961 2.9763142 0.97661822 0.0083434186 0.19727346 0.019798179
0.95294118 3.0563569 0.97750646 0.0087497837 0.18848326 0.020437615
0.95686275 3.1433683 0.97860271 0.009234048 0.179582 0.020353062
0.96078431 3.2386785 0.98030353 0.009586012 0.17055705 0.021100344
0.96470588 3.344039 0.98053821 0.0097135098 0.16096113 0.021825301
0.96862745 3.461822 0.98190166 0.0095175264 0.15153198 0.022087446
0.97254902 3.5953534 0.98324612 0.010538284 0.14101345 0.022618494
0.97647059 3.7495041 0.9836011 0.01113311 0.12998688 0.022745122
0.98039216 3.9318256 0.9848749 0.010671808 0.11825357 0.022924936
0.98431373 4.1549692 0.98631927 0.011246379 0.10573784 0.022968124
0.98823529 4.4426513 0.98810812 0.010373345 0.092231631 0.023505928
0.99215686 4.8481164 0.9910932 0.0099661389 0.076375065 0.022600366
0.99607843 5.5412635 0.99386543 0.0087909524 0.053102141 0.019627826
1 inf 1 0 0 0
