zeta log_threshold precision_mean precision_std recall_mean recall_std
0 0 0.189224 0.001066257 1 0
0.0039215686 0.0039292781 0.53760816 0.024086818 0.99665023 0.0037859939
0.0078431373 0.0078740564 0.56629026 0.023110103 0.99405761 0.0057493854
0.011764706 0.011834458 0.58523362 0.022526123 0.99184317 0.0070972454
0.015686275 0.015810606 0.59926497 0.022509603 0.99033498 0.0081218321
0.019607843 0.019802627 0.61116735 0.022439193 0.98862682 0.0093158373
0.023529412 0.023810649 0.62144751 0.022464978 0.98710812 0.010439117
0.02745098 0.027834799 0.63071406 0.022308374 0.98551533 0.011291483
0.031372549 0.031875209 0.63895168 0.022333558 0.98413419 0.012183535
0.035294118 0.035932009 0.64601691 0.022353205 0.98269926 0.012883859
0.039215686 0.040005335 0.65255533 0.021922937 0.98124278 0.013588624
0.043137255 0.04409532 0.65858394 0.021827128 0.97989153 0.014199832
0.047058824 0.048202102 0.66442963 0.021295214 0.97831899 0.014897471
0.050980392 0.052325819 0.66956504 0.020891007 0.97661767 0.015343944
0.054901961 0.056466612 0.67457293 0.020945776 0.97491635 0.015906788
0.058823529 0.060624622 0.67944637 0.020963198 0.97305429 0.016032868
0.062745098 0.064799993 0.68392288 0.020730623 0.97085047 0.01610867
0.066666667 0.068992871 0.68809272 0.020592589 0.968967 0.016315067
0.070588235 0.073203404 0.6921326 0.020479026 0.96728403 0.016595185
0.074509804 0.07743174 0.69598832 0.02046671 0.96550623 0.016770861
0.078431373 0.081678031 0.69974585 0.020372541 0.9637083 0.01712893
0.082352941 0.08594243 0.70334093 0.020290974 0.96209011 0.017421242
0.08627451 0.090225092 0.70657378 0.020248693 0.96034549 0.017867331
0.090196078 0.094526173 0.70984987 0.020317598 0.9589813 0.018368492
0.094117647 0.098845835 0.71307342 0.020221659 0.95755358 0.01891717
0.098039216 0.10318424 0.71619417 0.020150039 0.95589361 0.019242973
0.10196078 0.10754154 0.71922334 0.019839391 0.95410677 0.019684235
0.10588235 0.11191792 0.72224632 0.019814948 0.95257485 0.020113739
0.10980392 0.11631353 0.72527215 0.019901189 0.9509994 0.02055598
0.11372549 0.12072855 0.72802004 0.019764741 0.94951896 0.020940978
0.11764706 0.12516314 0.73080633 0.019473806 0.94774258 0.021658067
0.12156863 0.12961749 0.7334938 0.019485965 0.94614562 0.021826728
0.1254902 0.13409177 0.73602128 0.019452334 0.94450718 0.022300521
0.12941176 0.13858616 0.73877453 0.019415481 0.94276319 0.022756463
0.13333333 0.14310084 0.74159197 0.019124365 0.94117811 0.022998662
0.1372549 0.147636 0.7440248 0.019155704 0.93967629 0.023382852
0.14117647 0.15219182 0.74637712 0.019017218 0.9381753 0.023885667
0.14509804 0.15676848 0.74886661 0.019131632 0.93678932 0.024080932
0.14901961 0.16136619 0.75120567 0.018879129 0.93515117 0.024534919
0.15294118 0.16598514 0.75350671 0.01876836 0.93364968 0.024881423
0.15686275 0.17062552 0.75574191 0.018785845 0.93224274 0.025011647
0.16078431 0.17528753 0.75787953 0.018781159 0.93062365 0.025321197
0.16470588 0.17997138 0.76010757 0.01867306 0.92919665 0.025653522
0.16862745 0.18467727 0.76217507 0.018445282 0.92782145 0.025814117
0.17254902 0.18940541 0.7641445 0.018295774 0.92623519 0.026037283
0.17647059 0.19415601 0.76606463 0.018308557 0.92483969 0.026444597
0.18039216 0.19892929 0.7678643 0.018180141 0.92320067 0.026784091
0.18431373 0.20372547 0.76988909 0.018207403 0.92177493 0.027106286
0.18823529 0.20854475 0.77191666 0.018040531 0.92028458 0.027616697
0.19215686 0.21338738 0.77394634 0.018078471 0.91884676 0.027783163
0.19607843 0.21825357 0.77574153 0.018223365 0.9173457 0.027933597
0.2 0.22314355 0.77773482 0.018213186 0.91608687 0.028137456
0.20392157 0.22805757 0.77990482 0.018126182 0.9148383 0.028415363
0.20784314 0.23299585 0.78198997 0.018128883 0.91337993 0.028607857
0.21176471 0.23795864 0.78398357 0.017938618 0.9118894 0.028474688
0.21568627 0.24294618 0.78591795 0.017785921 0.91040012 0.028437012
0.21960784 0.24795872 0.78779445 0.017764662 0.90876282 0.028348996
0.22352941 0.25299651 0.78940787 0.017588491 0.90697694 0.028362197
0.22745098 0.25805982 0.79113496 0.017224759 0.90541347 0.028364429
0.23137255 0.26314889 0.79300992 0.017094597 0.90376482 0.028331612
0.23529412 0.26826399 0.79475895 0.01717542 0.90217946 0.028257337
0.23921569 0.27340539 0.79634892 0.017017911 0.90060565 0.028271174
0.24313725 0.27857336 0.7981452 0.016684586 0.89897847 0.028039537
0.24705882 0.28376817 0.79988794 0.016583168 0.89744467 0.028103441
0.25098039 0.28899012 0.80153712 0.016485054 0.89580757 0.028080213
0.25490196 0.29423947 0.80315911 0.016521203 0.8943389 0.027920239
0.25882353 0.29951653 0.80498971 0.016504249 0.89234228 0.027873798
0.2627451 0.30482158 0.806466 0.016159335 0.89074633 0.02778313
0.26666667 0.31015493 0.80787907 0.016088549 0.8892127 0.027730986
0.27058824 0.31551687 0.80943959 0.016184904 0.88757444 0.027532964
0.2745098 0.32090772 0.81087861 0.016113145 0.8856724 0.027445606
0.27843137 0.32632779 0.81268573 0.015809484 0.88422564 0.027370124
0.28235294 0.33177739 0.81422979 0.015655476 0.88257737 0.02734729
0.28627451 0.33725686 0.81580851 0.015570042 0.88085459 0.027505471
0.29019608 0.34276651 0.81728404 0.015586923 0.8792065 0.027433011
0.29411765 0.34830669 0.81877416 0.015589986 0.877558 0.027483455
0.29803922 0.35387774 0.82022735 0.015366779 0.87590983 0.02727663
0.30196078 0.35947999 0.82181448 0.015115131 0.87399701 0.027074924
0.30588235 0.36511381 0.82325298 0.015074684 0.87234802 0.027041569
0.30980392 0.37077955 0.82458733 0.014949698 0.87071864 0.027034721
0.31372549 0.37647757 0.82607917 0.014833759 0.86893339 0.02695746
0.31764706 0.38220825 0.82717879 0.01470767 0.86696667 0.026682305
0.32156863 0.38797195 0.82872659 0.014653674 0.86521088 0.026681294
0.3254902 0.39376907 0.83034251 0.014573186 0.863668 0.026451153
0.32941176 0.39959999 0.83164783 0.014410108 0.86196616 0.026172642
0.33333333 0.40546511 0.8330074 0.014315481 0.86037984 0.026043872
0.3372549 0.41136483 0.83423051 0.014299974 0.85854078 0.025795823
0.34117647 0.41729957 0.83554826 0.014356881 0.85662956 0.025559884
0.34509804 0.42326973 0.836875 0.014264223 0.85494952 0.025107859
0.34901961 0.42927576 0.83808806 0.014119602 0.85306758 0.02479703
0.35294118 0.43531807 0.83933338 0.013816365 0.85133481 0.024443678
0.35686275 0.44139712 0.84085098 0.013701403 0.84970802 0.02415058
0.36078431 0.44751334 0.84202963 0.013824757 0.84754319 0.023893422
0.36470588 0.45366721 0.84329508 0.013660852 0.84552574 0.023603096
0.36862745 0.45985918 0.84437336 0.013428914 0.84356065 0.023268437
0.37254902 0.46608973 0.84562976 0.013337614 0.84171246 0.023006088
0.37647059 0.47235934 0.84688576 0.013131559 0.83971687 0.022721383
0.38039216 0.47866851 0.84826025 0.013299225 0.83790126 0.022549008
0.38431373 0.48501774 0.84934438 0.013186683 0.8357263 0.022492988
0.38823529 0.49140754 0.85064506 0.012982646 0.83395134 0.022246621
0.39215686 0.49783843 0.85188602 0.012924734 0.83198682 0.022184136
0.39607843 0.50431094 0.85330687 0.012958432 0.83007423 0.021883354
0.4 0.51082562 0.85444328 0.012906383 0.82810907 0.021638166
0.40392157 0.51738302 0.85561326 0.013031353 0.82582731 0.021583931
0.40784314 0.52398371 0.85697697 0.012820429 0.82373573 0.021417336
0.41176471 0.53062825 0.85804785 0.012950066 0.82172858 0.021298725
0.41568627 0.53731724 0.85899372 0.012958431 0.81956269 0.020961743
0.41960784 0.54405127 0.86011319 0.012757159 0.81763058 0.020850148
0.42352941 0.55083096 0.86129936 0.012600072 0.81576107 0.020709117
0.42745098 0.55765692 0.86248009 0.012520107 0.8139436 0.020799685
0.43137255 0.5645298 0.86358259 0.012413918 0.81174677 0.020494075
0.43529412 0.57145025 0.86498085 0.012372347 0.80972891 0.020454669
0.43921569 0.57841891 0.86611454 0.012295814 0.8076686 0.020320026
0.44313725 0.58543649 0.8673136 0.012073347 0.80551309 0.020519753
0.44705882 0.59250365 0.86826152 0.012105209 0.80327443 0.020547302
0.45098039 0.59962112 0.8694504 0.012115421 0.80127964 0.020682151
0.45490196 0.60678961 0.8703644 0.012038609 0.79929223 0.020532225
0.45882353 0.61400986 0.87137489 0.011724354 0.79748625 0.02061469
0.4627451 0.62128262 0.87227079 0.011674097 0.79568074 0.020725185
0.46666667 0.62860866 0.87317188 0.011694516 0.79345103 0.02068477
0.47058824 0.63598877 0.87432324 0.011535643 0.79120135 0.020733081
0.4745098 0.64342375 0.87547709 0.011433461 0.78891988 0.020657826
0.47843137 0.65091442 0.87664288 0.011667121 0.78649813 0.020356216
0.48235294 0.65846162 0.87773511 0.011607566 0.78437437 0.020307875
0.48627451 0.66606622 0.87870999 0.011493681 0.78214419 0.020285408
0.49019608 0.67372909 0.87970552 0.011292549 0.77947023 0.020310046
0.49411765 0.68145114 0.88053633 0.011236592 0.77708087 0.020116928
0.49803922 0.68923328 0.88150056 0.011222422 0.77459516 0.020132323
0.50196078 0.69707646 0.88241522 0.011239819 0.77229077 0.019887877
0.50588235 0.70498164 0.88351672 0.011487872 0.76993368 0.020076518
0.50980392 0.71294981 0.88460093 0.011482784 0.76776798 0.020122963
0.51372549 0.72098198 0.88549709 0.011341957 0.76489111 0.020081323
0.51764706 0.72907919 0.88641485 0.011282057 0.76253339 0.019925095
0.52156863 0.7372425 0.88734753 0.011056149 0.75978595 0.020020933
0.5254902 0.745473 0.88835561 0.011175837 0.75731153 0.019972412
0.52941176 0.7537718 0.88937047 0.011173272 0.7549426 0.019762227
0.53333333 0.76214005 0.89018937 0.011408538 0.75198134 0.019620044
0.5372549 0.77057892 0.89100416 0.01134434 0.74910395 0.019482794
0.54117647 0.77908961 0.89193272 0.011426114 0.74647141 0.019389544
0.54509804 0.78767335 0.89301137 0.011217942 0.74381847 0.019186392
0.54901961 0.79633142 0.89374321 0.01109143 0.74103423 0.018822546
0.55294118 0.8050651 0.89476294 0.011120756 0.73813618 0.018907458
0.55686275 0.81387573 0.89533986 0.010935192 0.73544107 0.019014257
0.56078431 0.82276467 0.8961719 0.010855151 0.73266114 0.01926372
0.56470588 0.83173334 0.89722434 0.01069137 0.73000663 0.019354241
0.56862745 0.84078318 0.89819771 0.010558238 0.72735222 0.019121915
0.57254902 0.84991566 0.89911616 0.010326581 0.72445601 0.019143762
0.57647059 0.85913232 0.90038487 0.010192563 0.72189913 0.019276491
0.58039216 0.86843471 0.90131867 0.010221251 0.71917258 0.01955401
0.58431373 0.87782445 0.90234873 0.010215998 0.71650944 0.019634453
0.58823529 0.8873032 0.90337452 0.010061776 0.71362336 0.019530861
0.59215686 0.89687265 0.90442833 0.0098984833 0.71081389 0.019527182
0.59607843 0.90653456 0.90542297 0.0099393001 0.70786563 0.01990616
0.6 0.91629073 0.90631981 0.0099774645 0.70510747 0.020095084
0.60392157 0.92614303 0.90714307 0.0097362269 0.70213957 0.020447239
0.60784314 0.93609336 0.90808526 0.0096710915 0.69912792 0.020684558
0.61176471 0.9461437 0.90905506 0.0093605544 0.69630586 0.020603707
0.61568627 0.95629607 0.91004787 0.0091997684 0.69340144 0.020835638
0.61960784 0.96655257 0.91081066 0.0091458033 0.69041194 0.021385558
0.62352941 0.97691535 0.91180541 0.0089754638 0.68769647 0.021501198
0.62745098 0.98738665 0.91264474 0.0089613482 0.68466305 0.021741169
0.63137255 0.99796876 0.91340989 0.008891698 0.68204263 0.02207127
0.63529412 1.0086641 0.91402214 0.0087137389 0.67866278 0.022410183
0.63921569 1.019475 0.9150193 0.0088661038 0.67568326 0.022598547
0.64313725 1.030404 0.91588964 0.0087405915 0.67269076 0.02253762
0.64705882 1.0414539 0.91641747 0.0085925199 0.66920189 0.022648743
0.65098039 1.0526272 0.91714295 0.0083527503 0.66623406 0.022860509
0.65490196 1.0639267 0.9181822 0.0085278445 0.6632762 0.023338718
0.65882353 1.0753554 0.91936096 0.0086186746 0.66033625 0.023109744
0.6627451 1.0869162 0.92016986 0.008615562 0.65744033 0.023651689
0.66666667 1.0986123 0.92110389 0.0084808851 0.65429113 0.023851459
0.67058824 1.1104467 0.92179932 0.0084363487 0.65093038 0.024003706
0.6745098 1.1224229 0.92286227 0.0082570447 0.64815008 0.023929152
0.67843137 1.1345443 0.92387356 0.0080800785 0.64511522 0.023901065
0.68235294 1.1468144 0.92480137 0.007850878 0.64186322 0.024130527
0.68627451 1.1592369 0.9256514 0.0078501665 0.63888151 0.024012383
0.69019608 1.1718157 0.9268038 0.0077813775 0.63583888 0.024182114
0.69411765 1.1845547 0.92779348 0.0077838577 0.63258576 0.024389192
0.69803922 1.1974581 0.92874912 0.0077856597 0.62933183 0.024920636
0.70196078 1.2105302 0.92957099 0.0076551919 0.62618155 0.025077472
0.70588235 1.2237754 0.93023111 0.0075052581 0.62294824 0.025235217
0.70980392 1.2371985 0.93090119 0.0075275145 0.61966156 0.025404814
0.71372549 1.2508041 0.93201816 0.0073828187 0.61649159 0.025659456
0.71764706 1.2645974 0.93288416 0.0073711898 0.61322494 0.025959108
0.72156863 1.2785837 0.9338945 0.0073165305 0.60982111 0.025985762
0.7254902 1.2927683 0.93478407 0.0075106458 0.60667011 0.02622209
0.72941176 1.307157 0.93548842 0.0076073632 0.60361493 0.026370898
0.73333333 1.3217558 0.93661491 0.00760005 0.60029581 0.026759533
0.7372549 1.3365709 0.9374134 0.0076678013 0.59679702 0.027246021
0.74117647 1.3516088 0.93846105 0.0077874542 0.59322411 0.027593143
0.74509804 1.3668763 0.93941034 0.0077755433 0.58960008 0.028069127
0.74901961 1.3823805 0.94050543 0.0076660306 0.5863449 0.028444208
0.75294118 1.3981288 0.94134765 0.0077554843 0.58290984 0.028708835
0.75686275 1.4141292 0.94230329 0.0076425421 0.57930733 0.029143188
0.76078431 1.4303897 0.94299059 0.0075938875 0.57567274 0.029644921
0.76470588 1.446919 0.94406426 0.0077482184 0.57223703 0.029746974
0.76862745 1.4637261 0.94493563 0.0079601635 0.56886514 0.029916789
0.77254902 1.4808205 0.94572497 0.0081248267 0.56476239 0.030480836
0.77647059 1.4982123 0.94629091 0.0081596671 0.56097639 0.030545949
0.78039216 1.5159119 0.9472174 0.0084260183 0.55703443 0.030859522
0.78431373 1.5339304 0.94805534 0.0084225383 0.55334485 0.031074584
0.78823529 1.5522795 0.94898624 0.0082075305 0.54940146 0.031376021
0.79215686 1.5709716 0.94992647 0.0084381594 0.54597749 0.031629541
0.79607843 1.5900198 0.9509204 0.0082024119 0.54186273 0.031573214
0.8 1.6094379 0.95163315 0.0081401728 0.53752775 0.0315604
0.80392157 1.6292405 0.95245609 0.0080444565 0.5330003 0.031737709
0.80784314 1.6494432 0.95323029 0.007944842 0.52873539 0.032034352
0.81176471 1.6700625 0.95395044 0.0080273045 0.52414597 0.032427286
0.81568627 1.6911159 0.95476505 0.0076369824 0.51949261 0.032536344
0.81960784 1.7126221 0.95569013 0.0078097236 0.51518973 0.032441982
0.82352941 1.7346011 0.95642466 0.0078187579 0.51057952 0.032562987
0.82745098 1.7570739 0.9571293 0.0074515047 0.50597749 0.032633859
0.83137255 1.7800634 0.95798454 0.007101894 0.50046952 0.032320688
0.83529412 1.8035939 0.95840883 0.0070409059 0.49520578 0.032422267
0.83921569 1.8276915 0.95919026 0.0067648486 0.49005757 0.03249376
0.84313725 1.8523841 0.95989754 0.0068573376 0.48476307 0.032603838
0.84705882 1.8777019 0.96074525 0.0070963531 0.47941483 0.032648618
0.85098039 1.9036774 0.9615441 0.0068324175 0.47439461 0.032814718
0.85490196 1.9303456 0.96246404 0.0067381568 0.46888692 0.032910889
0.85882353 1.9577446 0.9633216 0.0066605492 0.46303148 0.032593563
0.8627451 1.9859155 0.96399567 0.0068912962 0.45728395 0.03275434
0.86666667 2.014903 0.96473094 0.0062837913 0.45155769 0.033226496
0.87058824 2.044756 0.96585873 0.0059497835 0.4450802 0.033521783
0.8745098 2.0755276 0.96654127 0.0058607783 0.43893314 0.033848427
0.87843137 2.1072763 0.96760025 0.0056817889 0.43198164 0.034105228
0.88235294 2.1400662 0.96821685 0.0054900832 0.42472578 0.033705678
0.88627451 2.1739677 0.9694134 0.0053081198 0.41797269 0.033652785
0.89019608 2.209059 0.97034447 0.005730524 0.41100907 0.034119309
0.89411765 2.2454267 0.97082309 0.0058256524 0.40431063 0.03457911
0.89803922 2.283167 0.97168002 0.0059691074 0.39667166 0.035213123
0.90196078 2.3223877 0.97247123 0.0060454611 0.38933917 0.035437344
0.90588235 2.3632097 0.97322451 0.0058044878 0.38170823 0.035687321
0.90980392 2.4057693 0.97414077 0.0055500225 0.37379647 0.035620793
0.91372549 2.4502211 0.97492671 0.0057677102 0.36531381 0.036015681
0.91764706 2.4967411 0.97546788 0.0057845666 0.35630053 0.035681194
0.92156863 2.5455313 0.97636301 0.0059208114 0.3478133 0.036026508
0.9254902 2.5968246 0.97715856 0.0060210632 0.33806906 0.035954394
0.92941176 2.6508918 0.97793908 0.0060567995 0.32915145 0.036000216
0.93333333 2.7080502 0.97872904 0.0059604034 0.31998438 0.035643341
0.9372549 2.7686748 0.97924251 0.0062426966 0.3094647 0.03555921
0.94117647 2.8332133 0.97968332 0.0064736204 0.29817218 0.03550861
0.94509804 2.9022062 0.98044082 0.0066382323 0.28647661 0.034990277
0.94901961 2.9763142 0.98125736 0.0065022817 0.27468602 0.034455018
0.95294118 3.0563569 0.98205318 0.0068979912 0.26237752 0.033764332
0.95686275 3.1433683 0.98284468 0.007396692 0.25059771 0.033296109
0.96078431 3.2386785 0.98365941 0.0075231891 0.23817374 0.032316912
0.96470588 3.344039 0.98437529 0.0075061271 0.22549702 0.032065957
0.96862745 3.461822 0.98481574 0.0075703513 0.21092707 0.030970709
0.97254902 3.5953534 0.98590562 0.0081599067 0.19645057 0.029961352
0.97647059 3.7495041 0.98644435 0.0088076681 0.1811363 0.029100121
0.98039216 3.9318256 0.98722362 0.0086299491 0.1640352 0.028052348
0.98431373 4.1549692 0.98906368 0.0092161071 0.14526231 0.027200807
0.98823529 4.4426513 0.99067488 0.0083717362 0.12521766 0.026072466
0.99215686 4.8481164 0.99271297 0.0082269793 0.10196512 0.024346751
0.99607843 5.5412635 0.9947229 0.0066984563 0.070163832 0.020490833
1 inf 1 0 0 0
