zeta log_threshold precision_mean precision_std recall_mean recall_std
0 0 0.189224 0.001066257 1 0
0.0039215686 0.0039292781 0.47589143 0.020028861 1 0
0.0078431373 0.0078740564 0.50057501 0.020530047 0.9998733 0.00025339175
0.011764706 0.011834458 0.51680564 0.02036243 0.99973605 0.00052789949
0.015686275 0.015810606 0.52929512 0.020921202 0.99961991 0.00076017526
0.019607843 0.019802627 0.53941456 0.021220913 0.99952489 0.00095021908
0.023529412 0.023810649 0.54833655 0.021513851 0.99937708 0.0012458428
0.02745098 0.027834799 0.55623066 0.021688012 0.99920825 0.0015314993
0.031372549 0.031875209 0.56364287 0.021639086 0.99915551 0.0016113251
0.035294118 0.035932009 0.56988469 0.021926158 0.9990078 0.0018558431
0.039215686 0.040005335 0.5756174 0.021987372 0.99890242 0.0019672748
0.043137255 0.04409532 0.58104231 0.022248458 0.99873354 0.0022793189
0.047058824 0.048202102 0.58625479 0.022309575 0.99854365 0.0025847673
0.050980392 0.052325819 0.59084771 0.022059223 0.99838533 0.0028757105
0.054901961 0.056466612 0.59539863 0.021977393 0.99817422 0.0032717833
0.058823529 0.060624622 0.59968291 0.022013614 0.99799473 0.0036293439
0.062745098 0.064799993 0.60389718 0.021997895 0.99785748 0.0039029474
0.066666667 0.068992871 0.60790303 0.02208262 0.99764642 0.0042745937
0.070588235 0.073203404 0.61169741 0.021985287 0.99732973 0.0048814438
0.074509804 0.07743174 0.61526982 0.021908963 0.9971184 0.0052242041
0.078431373 0.081678031 0.61870639 0.021859357 0.99686457 0.0054711808
0.082352941 0.08594243 0.62190582 0.021923217 0.99664237 0.0057575885
0.08627451 0.090225092 0.62506382 0.021789234 0.996399 0.0060369357
0.090196078 0.094526173 0.62834846 0.021897187 0.99617721 0.0062029727
0.094117647 0.098845835 0.63134105 0.02188118 0.99587053 0.0065119017
0.098039216 0.10318424 0.63439012 0.021937375 0.99554221 0.006814868
0.10196078 0.10754154 0.6372901 0.021882602 0.99520369 0.0070459676
0.10588235 0.11191792 0.63999996 0.022028798 0.99488651 0.007358683
0.10980392 0.11631353 0.64278236 0.022018431 0.99462234 0.0077588372
0.11372549 0.12072855 0.64546281 0.021995994 0.99438957 0.0080020433
0.11764706 0.12516314 0.64821095 0.022143869 0.9941992 0.0082336707
0.12156863 0.12961749 0.65098063 0.022117566 0.99399816 0.0083920666
0.1254902 0.13409177 0.65352972 0.022120626 0.99383926 0.0085871683
0.12941176 0.13858616 0.65615709 0.022099336 0.99348993 0.0088988936
0.13333333 0.14310084 0.65871491 0.022213492 0.9931936 0.009154841
0.1372549 0.147636 0.66114466 0.022120372 0.99294008 0.0094860584
0.14117647 0.15219182 0.66365018 0.022160372 0.99255928 0.0098382299
0.14509804 0.15676848 0.66585391 0.022318397 0.99238997 0.0099857999
0.14901961 0.16136619 0.66830043 0.022291867 0.99213597 0.010117634
0.15294118 0.16598514 0.67058138 0.021941983 0.9918294 0.010457697
0.15686275 0.17062552 0.67289523 0.02179473 0.99152235 0.01074181
0.16078431 0.17528753 0.67504852 0.021756222 0.99131096 0.010903433
0.16470588 0.17997138 0.67736654 0.021693658 0.99109951 0.011016508
0.16862745 0.18467727 0.67962512 0.021750585 0.99085684 0.011107395
0.17254902 0.18940541 0.68168405 0.02160912 0.99064519 0.011252757
0.17647059 0.19415601 0.68387603 0.021595106 0.99038151 0.01141293
0.18039216 0.19892929 0.68577476 0.021515672 0.99003279 0.011647536
0.18431373 0.20372547 0.68783796 0.021488249 0.98971553 0.01185317
0.18823529 0.20854475 0.68981337 0.021453718 0.9893565 0.012057773
0.19215686 0.21338738 0.69187615 0.021294137 0.98902932 0.012272722
0.19607843 0.21825357 0.69400023 0.021261111 0.98876542 0.012391373
0.2 0.22314355 0.69592994 0.021096634 0.98845925 0.012556818
0.20392157 0.22805757 0.69770354 0.021041992 0.98813124 0.01282274
0.20784314 0.23299585 0.69965797 0.021026952 0.98787766 0.013042966
0.21176471 0.23795864 0.70159279 0.020988458 0.98764565 0.013146039
0.21568627 0.24294618 0.7035069 0.020833309 0.98734993 0.013328486
0.21960784 0.24795872 0.70553178 0.020740069 0.98708578 0.013441876
0.22352941 0.25299651 0.70739303 0.02067285 0.98687413 0.013645729
0.22745098 0.25805982 0.70936711 0.020747823 0.98653643 0.013850372
0.23137255 0.26314889 0.71134782 0.020593413 0.98616726 0.014061212
0.23529412 0.26826399 0.71329805 0.020593797 0.98586107 0.014143499
0.23921569 0.27340539 0.71519676 0.020459382 0.98555457 0.014301649
0.24313725 0.27857336 0.71694674 0.020385155 0.98532236 0.014382571
0.24705882 0.28376817 0.71883529 0.020170661 0.98489981 0.014611331
0.25098039 0.28899012 0.72073912 0.020052159 0.98458338 0.01473494
0.25490196 0.29423947 0.72241384 0.019962917 0.9842876 0.014913776
0.25882353 0.29951653 0.72432727 0.019729615 0.98409774 0.015034101
0.2627451 0.30482158 0.72608813 0.019669159 0.98372774 0.015315172
0.26666667 0.31015493 0.7277971 0.019616119 0.98334711 0.015442386
0.27058824 0.31551687 0.72953471 0.019740008 0.98310407 0.015509814
0.2745098 0.32090772 0.73128179 0.01965343 0.98273452 0.015686093
0.27843137 0.32632779 0.73291255 0.019584354 0.98232311 0.015908897
0.28235294 0.33177739 0.73457164 0.019508997 0.9820486 0.016017236
0.28627451 0.33725686 0.73625326 0.01926138 0.98187985 0.016066331
0.29019608 0.34276651 0.73791682 0.019224043 0.98152093 0.016317488
0.29411765 0.34830669 0.73941131 0.01911176 0.98121455 0.016519212
0.29803922 0.35387774 0.74111696 0.01898475 0.98083394 0.016791571
0.30196078 0.35947999 0.74282497 0.018939174 0.98049614 0.016953974
0.30588235 0.36511381 0.74436952 0.018836319 0.9801266 0.017108349
0.30980392 0.37077955 0.74601297 0.018666438 0.97973567 0.017285428
0.31372549 0.37647757 0.74760328 0.018378153 0.97937626 0.017371699
0.31764706 0.38220825 0.74904783 0.018331522 0.9789107 0.017672302
0.32156863 0.38797195 0.75054954 0.018206886 0.97858316 0.017828843
0.3254902 0.39376907 0.75221722 0.018152476 0.97807677 0.018065325
0.32941176 0.39959999 0.75373868 0.018022563 0.97750631 0.018432269
0.33333333 0.40546511 0.75533708 0.017747883 0.97697756 0.018584396
0.3372549 0.41136483 0.75679878 0.017703731 0.97651279 0.018824077
0.34117647 0.41729957 0.75841042 0.017476815 0.97605872 0.019013511
0.34509804 0.42326973 0.75984885 0.017362638 0.97562515 0.019060912
0.34901961 0.42927576 0.76128491 0.017220943 0.97492777 0.019533257
0.35294118 0.43531807 0.7627022 0.01709762 0.97440975 0.01974894
0.35686275 0.44139712 0.76424929 0.016943339 0.97409268 0.019943584
0.36078431 0.44751334 0.76576683 0.017006964 0.97356548 0.020216609
0.36470588 0.45366721 0.7672091 0.016937869 0.97305787 0.020536327
0.36862745 0.45985918 0.76897039 0.016897904 0.97250852 0.020766362
0.37254902 0.46608973 0.77038737 0.016787823 0.97194868 0.021166666
0.37647059 0.47235934 0.77182003 0.016747836 0.97148351 0.021369018
0.38039216 0.47866851 0.77332989 0.016847809 0.97072339 0.021642662
0.38431373 0.48501774 0.77483875 0.016954275 0.970227 0.021858762
0.38823529 0.49140754 0.77622895 0.016873222 0.96971986 0.022164763
0.39215686 0.49783843 0.77760563 0.016855763 0.96907558 0.022299621
0.39607843 0.50431094 0.77893141 0.016849213 0.96844131 0.02255684
0.4 0.51082562 0.78045899 0.016756887 0.96789111 0.022796312
0.40392157 0.51738302 0.78193304 0.016536356 0.96734147 0.02284866
0.40784314 0.52398371 0.78318559 0.016462571 0.96665442 0.023098206
0.41176471 0.53062825 0.78460402 0.01630291 0.9659456 0.023417204
0.41568627 0.53731724 0.78570956 0.016265574 0.96531143 0.023511034
0.41960784 0.54405127 0.78684666 0.016093776 0.96449783 0.024037576
0.42352941 0.55083096 0.78815027 0.015938315 0.96387423 0.024290452
0.42745098 0.55765692 0.78947551 0.016076085 0.96329258 0.024456344
0.43137255 0.5645298 0.79089232 0.015987614 0.96260555 0.02463315
0.43529412 0.57145025 0.79225928 0.015779163 0.96192907 0.024887633
0.43921569 0.57841891 0.79361973 0.015746393 0.96114656 0.025050299
0.44313725 0.58543649 0.79535356 0.015714464 0.96044979 0.025081192
0.44705882 0.59250365 0.79692554 0.015715357 0.95987832 0.025180885
0.45098039 0.59962112 0.79820081 0.015686684 0.95903362 0.025297037
0.45490196 0.60678961 0.79947533 0.015590408 0.95832548 0.025401773
0.45882353 0.61400986 0.80072574 0.015460211 0.95761762 0.025498248
0.4627451 0.62128262 0.80208073 0.015337982 0.95676194 0.0258296
0.46666667 0.62860866 0.80341398 0.015288943 0.95614968 0.025926799
0.47058824 0.63598877 0.80464736 0.015322639 0.95517685 0.02636404
0.4745098 0.64342375 0.80597419 0.015045012 0.95454278 0.026554938
0.47843137 0.65091442 0.80730854 0.015029764 0.95368635 0.026784686
0.48235294 0.65846162 0.80867775 0.014956044 0.95285118 0.026897007
0.48627451 0.66606622 0.81005457 0.014967596 0.9520905 0.027198967
0.49019608 0.67372909 0.81134613 0.015059162 0.95130848 0.027286486
0.49411765 0.68145114 0.81271454 0.015068745 0.95060075 0.027377535
0.49803922 0.68923328 0.81399085 0.015018901 0.94970303 0.027749069
0.50196078 0.69707646 0.81509495 0.014969253 0.94882583 0.027899851
0.50588235 0.70498164 0.8165451 0.014964931 0.94793826 0.02802892
0.50980392 0.71294981 0.81781406 0.015003838 0.94710291 0.028147916
0.51372549 0.72098198 0.81909424 0.014973748 0.94619407 0.028243682
0.51764706 0.72907919 0.82026401 0.014912611 0.94527394 0.02863052
0.52156863 0.7372425 0.82130909 0.014745961 0.94426963 0.028930016
0.5254902 0.745473 0.82253094 0.014846747 0.94333963 0.029099507
0.52941176 0.7537718 0.82385657 0.014745176 0.94263197 0.029251962
0.53333333 0.76214005 0.8252927 0.014592738 0.94185079 0.029503047
0.5372549 0.77057892 0.82650239 0.01457079 0.94100498 0.029491584
0.54117647 0.77908961 0.82773525 0.01450192 0.94014898 0.029570988
0.54509804 0.78767335 0.82897954 0.01431192 0.93940888 0.029833202
0.54901961 0.79633142 0.83030988 0.014437046 0.9384463 0.029834287
0.55294118 0.8050651 0.83150892 0.014404589 0.93748578 0.029883091
0.55686275 0.81387573 0.83267115 0.0142679 0.93649274 0.030091935
0.56078431 0.82276467 0.83384025 0.014225551 0.93547744 0.030283569
0.56470588 0.83173334 0.8352175 0.014232955 0.93466263 0.030344767
0.56862745 0.84078318 0.8365074 0.014369343 0.93388111 0.030542383
0.57254902 0.84991566 0.83781481 0.01443222 0.93314082 0.030612701
0.57647059 0.85913232 0.8390033 0.014421594 0.93216772 0.030611372
0.58039216 0.86843471 0.84014425 0.014407552 0.93118527 0.030599356
0.58431373 0.87782445 0.84140993 0.014500268 0.93029791 0.030509385
0.58823529 0.8873032 0.8425115 0.014466665 0.9293463 0.030551449
0.59215686 0.89687265 0.84394648 0.014437118 0.92835266 0.030464659
0.59607843 0.90653456 0.84528118 0.014409409 0.92741332 0.030618488
0.6 0.91629073 0.84642548 0.01440343 0.9262726 0.030687429
0.60392157 0.92614303 0.84771567 0.014298201 0.92520556 0.030808932
0.60784314 0.93609336 0.84904919 0.014337084 0.92417061 0.030758942
0.61176471 0.9461437 0.8501685 0.014331261 0.92307125 0.030797333
0.61568627 0.95629607 0.85147667 0.014211849 0.92197337 0.030929579
0.61960784 0.96655257 0.85294541 0.014105714 0.9209685 0.030774266
0.62352941 0.97691535 0.85413583 0.014029548 0.91973214 0.03078308
0.62745098 0.98738665 0.85539971 0.013997882 0.91858032 0.030664797
0.63137255 0.99796876 0.85691641 0.014104264 0.91739707 0.030612091
0.63529412 1.0086641 0.8582494 0.014059082 0.91605436 0.030645385
0.63921569 1.019475 0.85941894 0.01408398 0.91461675 0.03066894
0.64313725 1.030404 0.86091039 0.014208915 0.91333822 0.030470525
0.64705882 1.0414539 0.8622291 0.014433381 0.91173192 0.030412897
0.65098039 1.0526272 0.86358763 0.014459862 0.910242 0.03038994
0.65490196 1.0639267 0.86487852 0.014502472 0.90881528 0.030287595
0.65882353 1.0753554 0.8663205 0.014573296 0.90716709 0.030000405
0.6627451 1.0869162 0.86773672 0.01458985 0.90574018 0.029939757
0.66666667 1.0986123 0.86909617 0.014556668 0.9042604 0.029707018
0.67058824 1.1104467 0.87023489 0.014527884 0.90279159 0.029647435
0.6745098 1.1224229 0.87136453 0.01444901 0.90133346 0.029384418
0.67843137 1.1345443 0.87279831 0.014491813 0.89971716 0.02916187
0.68235294 1.1468144 0.87386035 0.014619945 0.89815381 0.02897067
0.68627451 1.1592369 0.87516354 0.01435668 0.89647266 0.02886222
0.69019608 1.1718157 0.87646415 0.014489647 0.89481428 0.028665154
0.69411765 1.1845547 0.87764175 0.014665111 0.89292198 0.028545544
0.69803922 1.1974581 0.87903809 0.014621681 0.8912322 0.028389065
0.70196078 1.2105302 0.88018162 0.014780823 0.8894975 0.028032767
0.70588235 1.2237754 0.88137202 0.014938269 0.88750986 0.027619351
0.70980392 1.2371985 0.88253962 0.0149064 0.88579895 0.027343417
0.71372549 1.2508041 0.88362472 0.014826946 0.88392897 0.026891089
0.71764706 1.2645974 0.8848304 0.014823084 0.88191068 0.026643776
0.72156863 1.2785837 0.88612462 0.014855113 0.87996628 0.026633595
0.7254902 1.2927683 0.88748339 0.014951376 0.87801188 0.026510234
0.72941176 1.307157 0.88874883 0.014973633 0.87583539 0.026259049
0.73333333 1.3217558 0.89004782 0.015250852 0.87357455 0.02625498
0.7372549 1.3365709 0.89121246 0.015249124 0.87139857 0.026145745
0.74117647 1.3516088 0.89232943 0.015378494 0.86899975 0.025947853
0.74509804 1.3668763 0.89362861 0.015332728 0.86672747 0.025990262
0.74901961 1.3823805 0.89508414 0.01528412 0.86445593 0.025935967
0.75294118 1.3981288 0.89640521 0.015400179 0.86216399 0.02629716
0.75686275 1.4141292 0.89767673 0.015532956 0.85973402 0.026252415
0.76078431 1.4303897 0.8990327 0.015757699 0.85718955 0.026084152
0.76470588 1.446919 0.90046059 0.015668446 0.85467462 0.025967887
0.76862745 1.4637261 0.90169921 0.015673427 0.85184305 0.025887322
0.77254902 1.4808205 0.90291323 0.015572531 0.84902183 0.025912712
0.77647059 1.4982123 0.90405339 0.015780673 0.84628667 0.025748985
0.78039216 1.5159119 0.90501326 0.015973514 0.8428426 0.02541774
0.78431373 1.5339304 0.90632345 0.016279731 0.83996918 0.025330592
0.78823529 1.5522795 0.9072292 0.0162782 0.83675737 0.025084438
0.79215686 1.5709716 0.90869266 0.016270389 0.8338091 0.024928584
0.79607843 1.5900198 0.91003752 0.016466167 0.83066097 0.024997546
0.8 1.6094379 0.91126545 0.016486346 0.82757425 0.024450547
0.80392157 1.6292405 0.91243753 0.016568581 0.82418135 0.023934525
0.80784314 1.6494432 0.91350379 0.016668673 0.8206425 0.023813111
0.81176471 1.6700625 0.91478979 0.016661318 0.81683778 0.023821308
0.81568627 1.6911159 0.91591037 0.016873388 0.81289559 0.023388695
0.81960784 1.7126221 0.91711973 0.016913153 0.80954585 0.023186643
0.82352941 1.7346011 0.91831056 0.017078481 0.80596276 0.022950781
0.82745098 1.7570739 0.91963899 0.017243622 0.80229538 0.022772508
0.83137255 1.7800634 0.9211989 0.01755733 0.79851316 0.022705205
0.83529412 1.8035939 0.92255482 0.017730735 0.79451036 0.022654079
0.83921569 1.8276915 0.92376285 0.017770762 0.79061263 0.02261317
0.84313725 1.8523841 0.9249033 0.018103478 0.78658668 0.022225901
0.84705882 1.8777019 0.92618218 0.018282049 0.78225266 0.021657738
0.85098039 1.9036774 0.92774814 0.01825209 0.77801829 0.021660968
0.85490196 1.9303456 0.92899258 0.018426117 0.77362203 0.021360597
0.85882353 1.9577446 0.93024654 0.018545429 0.76902811 0.02138629
0.8627451 1.9859155 0.93154788 0.018610676 0.76419125 0.021392982
0.86666667 2.014903 0.93260402 0.018729157 0.75929992 0.020945982
0.87058824 2.044756 0.93396139 0.019020345 0.75471554 0.02112085
0.8745098 2.0755276 0.93537651 0.019032053 0.74940425 0.021226389
0.87843137 2.1072763 0.93668373 0.019040208 0.74413129 0.021074918
0.88235294 2.1400662 0.9380688 0.019061961 0.73862735 0.021150391
0.88627451 2.1739677 0.93933257 0.019010102 0.73271847 0.020815067
0.89019608 2.209059 0.94097722 0.01916785 0.7268825 0.020393285
0.89411765 2.2454267 0.9423486 0.019108385 0.72007609 0.02041716
0.89803922 2.283167 0.94379968 0.018941964 0.71408178 0.020476776
0.90196078 2.3223877 0.94493323 0.019008545 0.70715755 0.020305325
0.90588235 2.3632097 0.94648335 0.018960298 0.7000317 0.02006204
0.90980392 2.4057693 0.94787255 0.01902663 0.69253183 0.01933651
0.91372549 2.4502211 0.94911504 0.01924466 0.68521548 0.019644059
0.91764706 2.4967411 0.95035591 0.019416119 0.67724507 0.019777688
0.92156863 2.5455313 0.95182544 0.019515508 0.66933967 0.020445708
0.9254902 2.5968246 0.95356193 0.019178349 0.66108526 0.021118081
0.92941176 2.6508918 0.95515095 0.019068694 0.6523714 0.021491583
0.93333333 2.7080502 0.95683105 0.019080839 0.6437558 0.022434342
0.9372549 2.7686748 0.95848246 0.018702729 0.63510772 0.023017228
0.94117647 2.8332133 0.96027617 0.018301454 0.62524594 0.023928453
0.94509804 2.9022062 0.96193403 0.01819142 0.61562731 0.025151777
0.94901961 2.9763142 0.96339257 0.018275884 0.60488814 0.025890623
0.95294118 3.0563569 0.96492783 0.017910075 0.59340904 0.027033982
0.95686275 3.1433683 0.9664906 0.017674484 0.58087108 0.027607449
0.96078431 3.2386785 0.96813649 0.016800507 0.56772224 0.027925139
0.96470588 3.344039 0.97005752 0.016275396 0.55273294 0.028319443
0.96862745 3.461822 0.97173021 0.015626157 0.53558799 0.02876811
0.97254902 3.5953534 0.97375838 0.014608279 0.51577784 0.029345388
0.97647059 3.7495041 0.97553875 0.014533924 0.4942767 0.030477663
0.98039216 3.9318256 0.97754051 0.013643209 0.46809086 0.031008093
0.98431373 4.1549692 0.97982243 0.013020813 0.43636008 0.030907722
0.98823529 4.4426513 0.98196334 0.011970677 0.39833088 0.029748403
0.99215686 4.8481164 0.98541 0.010432774 0.34930448 0.028236956
0.99607843 5.5412635 0.99032462 0.0085298003 0.27805191 0.028995417
1 inf 1 0 0 0
