zeta log_threshold precision_mean precision_std recall_mean recall_std
0 0 0.189282 0.0012494383 1 0
0.0039215686 0.0039292781 0.31056743 0.0021835716 1 0
0.0078431373 0.0078740564 0.32305584 0.0024416374 1 0
0.011764706 0.011834458 0.33108873 0.002474925 1 0
0.015686275 0.015810606 0.33703808 0.0025071221 1 0
0.019607843 0.019802627 0.34187511 0.002668379 1 0
0.023529412 0.023810649 0.34594036 0.0027243768 1 0
0.02745098 0.027834799 0.34952483 0.0025593334 1 0
0.031372549 0.031875209 0.35265739 0.0024368732 1 0
0.035294118 0.035932009 0.35555333 0.0024148609 1 0
0.039215686 0.040005335 0.35829588 0.0025283131 1 0
0.043137255 0.04409532 0.36080764 0.002513735 1 0
0.047058824 0.048202102 0.36306343 0.0024719599 1 0
0.050980392 0.052325819 0.36522243 0.0024846421 1 0
0.054901961 0.056466612 0.36721891 0.0024648531 1 0
0.058823529 0.060624622 0.36908398 0.002548946 1 0
0.062745098 0.064799993 0.37080521 0.0026152874 1 0
0.066666667 0.068992871 0.37254033 0.0025745993 1 0
0.070588235 0.073203404 0.37412791 0.0025836478 1 0
0.074509804 0.07743174 0.37572629 0.0026243735 1 0
0.078431373 0.081678031 0.37718802 0.0026732112 1 0
0.082352941 0.08594243 0.37871087 0.0026809228 1 0
0.08627451 0.090225092 0.38008564 0.0026660941 1 0
0.090196078 0.094526173 0.38140177 0.0027115082 1 0
0.094117647 0.098845835 0.38265208 0.0026620598 1 0
0.098039216 0.10318424 0.38384881 0.0026992137 1 0
0.10196078 0.10754154 0.38512354 0.0027303819 1 0
0.10588235 0.11191792 0.38633043 0.0026795295 1 0
0.10980392 0.11631353 0.3875025 0.0026780309 1 0
0.11372549 0.12072855 0.38861671 0.0027188736 1 0
0.11764706 0.12516314 0.38973241 0.0027556027 1 0
0.12156863 0.12961749 0.39082821 0.0027187614 1 0
0.1254902 0.13409177 0.39188454 0.0026562105 1 0
0.12941176 0.13858616 0.39290304 0.002671181 1 0
0.13333333 0.14310084 0.39389108 0.0027335267 1 0
0.1372549 0.147636 0.39486919 0.0027398036 1 0
0.14117647 0.15219182 0.39587324 0.0027307788 1 0
0.14509804 0.15676848 0.39682915 0.0027196152 1 0
0.14901961 0.16136619 0.39776829 0.0027563798 1 0
0.15294118 0.16598514 0.39875164 0.0027190591 1 0
0.15686275 0.17062552 0.39969104 0.0026897115 1 0
0.16078431 0.17528753 0.40063535 0.0026917822 1 0
0.16470588 0.17997138 0.40153817 0.0027221081 1 0
0.16862745 0.18467727 0.40238626 0.0026874128 1 0
0.17254902 0.18940541 0.40328445 0.0026640649 1 0
0.17647059 0.19415601 0.40411994 0.0026997137 1 0
0.18039216 0.19892929 0.40498487 0.0027638766 1 0
0.18431373 0.20372547 0.40580599 0.0027495462 1 0
0.18823529 0.20854475 0.40658339 0.0027378079 1 0
0.19215686 0.21338738 0.40740966 0.0027527468 1 0
0.19607843 0.21825357 0.40828169 0.0028027945 1 0
0.2 0.22314355 0.40903863 0.0028062826 1 0
0.20392157 0.22805757 0.40978929 0.0027811424 1 0
0.20784314 0.23299585 0.41046509 0.0028443778 1 0
0.21176471 0.23795864 0.41117991 0.002813953 1 0
0.21568627 0.24294618 0.41195169 0.002868842 1 0
0.21960784 0.24795872 0.41261948 0.0028277737 1 0
0.22352941 0.25299651 0.41332597 0.0028313813 1 0
0.22745098 0.25805982 0.41405314 0.0028736536 1 0
0.23137255 0.26314889 0.41472636 0.0028956406 1 0
0.23529412 0.26826399 0.41542387 0.0029229003 1 0
0.23921569 0.27340539 0.41612874 0.0029125734 1 0
0.24313725 0.27857336 0.41687621 0.0028707456 1 0
0.24705882 0.28376817 0.41756616 0.0029072115 1 0
0.25098039 0.28899012 0.41829561 0.0029636554 1 0
0.25490196 0.29423947 0.41899193 0.0029659115 1 0
0.25882353 0.29951653 0.41971308 0.0029894686 1 0
0.2627451 0.30482158 0.42043821 0.0029637044 1 0
0.26666667 0.31015493 0.42112085 0.0029394497 1 0
0.27058824 0.31551687 0.42181922 0.0029722628 1 0
0.2745098 0.32090772 0.42243918 0.0030383943 1 0
0.27843137 0.32632779 0.42308096 0.0030089907 1 0
0.28235294 0.33177739 0.42374799 0.0030466768 1 0
0.28627451 0.33725686 0.4243408 0.0030537037 1 0
0.29019608 0.34276651 0.42498821 0.0030141574 1 0
0.29411765 0.34830669 0.42561888 0.003012005 1 0
0.29803922 0.35387774 0.42623793 0.0030058921 1 0
0.30196078 0.35947999 0.42686856 0.0030182015 1 0
0.30588235 0.36511381 0.42746662 0.0030650077 1 0
0.30980392 0.37077955 0.42806452 0.0031245754 1 0
0.31372549 0.37647757 0.42863669 0.0031573082 1 0
0.31764706 0.38220825 0.42923183 0.0031860179 1 0
0.32156863 0.38797195 0.42983653 0.003224542 1 0
0.3254902 0.39376907 0.43046368 0.0031942977 1 0
0.32941176 0.39959999 0.43103604 0.0031842566 1 0
0.33333333 0.40546511 0.43163351 0.0031524149 1 0
0.3372549 0.41136483 0.43222913 0.0031908603 1 0
0.34117647 0.41729957 0.43276048 0.0031604208 1 0
0.34509804 0.42326973 0.43329538 0.0031597231 1 0
0.34901961 0.42927576 0.43384761 0.0031554751 1 0
0.35294118 0.43531807 0.43443371 0.0032158621 1 0
0.35686275 0.44139712 0.43501086 0.0032348384 1 0
0.36078431 0.44751334 0.4355394 0.0032540992 1 0
0.36470588 0.45366721 0.43609901 0.0032168353 1 0
0.36862745 0.45985918 0.43671657 0.0031896351 1 0
0.37254902 0.46608973 0.43725917 0.0031733003 1 0
0.37647059 0.47235934 0.43784132 0.0031350029 1 0
0.38039216 0.47866851 0.43841934 0.0031285548 1 0
0.38431373 0.48501774 0.43895821 0.0031485587 1 0
0.38823529 0.49140754 0.4395025 0.0031631913 1 0
0.39215686 0.49783843 0.44000286 0.0031420402 1 0
0.39607843 0.50431094 0.44054541 0.0031172828 1 0
0.4 0.51082562 0.44103787 0.0030918644 1 0
0.40392157 0.51738302 0.44155648 0.0031081615 1 0
0.40784314 0.52398371 0.44208066 0.0031424014 1 0
0.41176471 0.53062825 0.44257072 0.0031601058 1 0
0.41568627 0.53731724 0.44305752 0.0031594423 1 0
0.41960784 0.54405127 0.44355797 0.0031717234 1 0
0.42352941 0.55083096 0.44403458 0.0031821119 1 0
0.42745098 0.55765692 0.4446017 0.0031654933 1 0
0.43137255 0.5645298 0.44514753 0.0031680321 1 0
0.43529412 0.57145025 0.44566068 0.0031266798 1 0
0.43921569 0.57841891 0.44623825 0.0030997511 1 0
0.44313725 0.58543649 0.44677513 0.0030654334 1 0
0.44705882 0.59250365 0.4473093 0.0030507799 1 0
0.45098039 0.59962112 0.44790862 0.0030735999 1 0
0.45490196 0.60678961 0.44839475 0.0030994378 1 0
0.45882353 0.61400986 0.44891848 0.0031637112 1 0
0.4627451 0.62128262 0.44946219 0.0031698292 1 0
0.46666667 0.62860866 0.44997282 0.003154634 1 0
0.47058824 0.63598877 0.4505187 0.0031257919 1 0
0.4745098 0.64342375 0.45103607 0.0031154516 1 0
0.47843137 0.65091442 0.45153524 0.0031203234 1 0
0.48235294 0.65846162 0.45202226 0.0030688367 1 0
0.48627451 0.66606622 0.45257996 0.0030638454 1 0
0.49019608 0.67372909 0.4530738 0.0030399315 1 0
0.49411765 0.68145114 0.45358852 0.0030526314 1 0
0.49803922 0.68923328 0.45412647 0.0030958809 1 0
0.50196078 0.69707646 0.45461077 0.0031123752 1 0
0.50588235 0.70498164 0.45508064 0.003098846 1 0
0.50980392 0.71294981 0.45567684 0.003126515 1 0
0.51372549 0.72098198 0.45615529 0.0030811419 1 0
0.51764706 0.72907919 0.45665921 0.0030862366 1 0
0.52156863 0.7372425 0.4571776 0.0030898668 1 0
0.5254902 0.745473 0.4577389 0.0030479183 1 0
0.52941176 0.7537718 0.45823961 0.0030254207 1 0
0.53333333 0.76214005 0.45876832 0.0030390302 1 0
0.5372549 0.77057892 0.45925325 0.0029867635 1 0
0.54117647 0.77908961 0.45976867 0.0030081962 1 0
0.54509804 0.78767335 0.46028261 0.0029720787 1 0
0.54901961 0.79633142 0.46084784 0.0030297611 1 0
0.55294118 0.8050651 0.46138437 0.002973126 1 0
0.55686275 0.81387573 0.4619388 0.0030419799 1 0
0.56078431 0.82276467 0.46245115 0.0030339939 1 0
0.56470588 0.83173334 0.46300114 0.0030781858 1 0
0.56862745 0.84078318 0.46355914 0.0030977617 1 0
0.57254902 0.84991566 0.46414111 0.0030873682 1 0
0.57647059 0.85913232 0.46472488 0.003136667 1 0
0.58039216 0.86843471 0.46526663 0.0031905358 1 0
0.58431373 0.87782445 0.46578165 0.0031766243 1 0
0.58823529 0.8873032 0.46628159 0.0031399107 1 0
0.59215686 0.89687265 0.46682193 0.003116902 1 0
0.59607843 0.90653456 0.46733597 0.0030931175 1 0
0.6 0.91629073 0.46783307 0.0031317423 1 0
0.60392157 0.92614303 0.46830986 0.0031279644 1 0
0.60784314 0.93609336 0.46881806 0.003163703 1 0
0.61176471 0.9461437 0.46931091 0.0031467245 1 0
0.61568627 0.95629607 0.46987006 0.0031265159 1 0
0.61960784 0.96655257 0.47039058 0.0030985555 1 0
0.62352941 0.97691535 0.47095043 0.0031619648 1 0
0.62745098 0.98738665 0.47147822 0.0031537313 1 0
0.63137255 0.99796876 0.47211116 0.0032092678 1 0
0.63529412 1.0086641 0.47264414 0.0032089471 1 0
0.63921569 1.019475 0.47317145 0.0032494463 1 0
0.64313725 1.030404 0.47372094 0.0032532784 1 0
0.64705882 1.0414539 0.47429535 0.0032313755 1 0
0.65098039 1.0526272 0.47482624 0.0032581841 1 0
0.65490196 1.0639267 0.47542494 0.0032647137 1 0
0.65882353 1.0753554 0.47597486 0.0032666226 1 0
0.6627451 1.0869162 0.47659541 0.0032409553 1 0
0.66666667 1.0986123 0.47722962 0.0031921765 1 0
0.67058824 1.1104467 0.47774756 0.0032181404 1 0
0.6745098 1.1224229 0.47830302 0.0032337303 1 0
0.67843137 1.1345443 0.47883821 0.0032688825 1 0
0.68235294 1.1468144 0.47949037 0.003220327 1 0
0.68627451 1.1592369 0.48010073 0.0032131323 1 0
0.69019608 1.1718157 0.48073752 0.003277415 1 0
0.69411765 1.1845547 0.48133713 0.0033619282 1 0
0.69803922 1.1974581 0.48191814 0.0033779576 1 0
0.70196078 1.2105302 0.48256658 0.003340899 1 0
0.70588235 1.2237754 0.48310161 0.0033967064 1 0
0.70980392 1.2371985 0.48363448 0.0033527694 1 0
0.71372549 1.2508041 0.48418625 0.0033507254 1 0
0.71764706 1.2645974 0.48480841 0.0032889024 1 0
0.72156863 1.2785837 0.48540751 0.0032713274 1 0
0.7254902 1.2927683 0.48596097 0.0032650914 1 0
0.72941176 1.307157 0.48657788 0.0032502383 1 0
0.73333333 1.3217558 0.48712159 0.0032805284 1 0
0.7372549 1.3365709 0.48774735 0.0033644178 1 0
0.74117647 1.3516088 0.48842984 0.0034169791 1 0
0.74509804 1.3668763 0.48906347 0.0034201531 1 0
0.74901961 1.3823805 0.48967321 0.0034250101 1 0
0.75294118 1.3981288 0.4903175 0.0034232015 1 0
0.75686275 1.4141292 0.49092798 0.0034247658 1 0
0.76078431 1.4303897 0.49149465 0.0035099672 1 0
0.76470588 1.446919 0.49220249 0.0034977303 1 0
0.76862745 1.4637261 0.49284816 0.0034684705 1 0
0.77254902 1.4808205 0.49348051 0.0034920497 1 0
0.77647059 1.4982123 0.49419202 0.0035337896 1 0
0.78039216 1.5159119 0.49479967 0.003588796 1 0
0.78431373 1.5339304 0.49550189 0.0036478379 1 0
0.78823529 1.5522795 0.49617727 0.0036300584 1 0
0.79215686 1.5709716 0.49684712 0.0036693062 1 0
0.79607843 1.5900198 0.49761055 0.0037342619 1 0
0.8 1.6094379 0.49830236 0.003760502 1 0
0.80392157 1.6292405 0.49901993 0.0037931456 1 0
0.80784314 1.6494432 0.49972856 0.00377177 1 0
0.81176471 1.6700625 0.50047691 0.0038130342 1 0
0.81568627 1.6911159 0.50120294 0.0038076061 1 0
0.81960784 1.7126221 0.50191277 0.0038166023 1 0
0.82352941 1.7346011 0.50266668 0.0037584408 1 0
0.82745098 1.7570739 0.50341819 0.0037921256 1 0
0.83137255 1.7800634 0.50425484 0.0037772841 1 0
0.83529412 1.8035939 0.50504653 0.0038353176 1 0
0.83921569 1.8276915 0.50587512 0.0038273658 1 0
0.84313725 1.8523841 0.50678784 0.003827852 1 0
0.84705882 1.8777019 0.50763902 0.0038731388 1 0
0.85098039 1.9036774 0.50844368 0.0039114712 1 0
0.85490196 1.9303456 0.50931952 0.0039653842 1 0
0.85882353 1.9577446 0.51025546 0.0039204566 1 0
0.8627451 1.9859155 0.51130042 0.0039626573 1 0
0.86666667 2.014903 0.51222661 0.0038903402 1 0
0.87058824 2.044756 0.51317552 0.0037898998 1 0
0.8745098 2.0755276 0.51410918 0.0037755371 1 0
0.87843137 2.1072763 0.51502731 0.0038101798 1 0
0.88235294 2.1400662 0.51588052 0.0038099104 1 0
0.88627451 2.1739677 0.51686885 0.0037322193 1 0
0.89019608 2.209059 0.51799458 0.0037306362 1 0
0.89411765 2.2454267 0.51900909 0.0037706498 1 0
0.89803922 2.283167 0.52004193 0.0038526253 1 0
0.90196078 2.3223877 0.52117886 0.0038598489 1 0
0.90588235 2.3632097 0.5223008 0.0038703652 1 0
0.90980392 2.4057693 0.52346218 0.0038977133 1 0
0.91372549 2.4502211 0.52475562 0.0037920985 1 0
0.91764706 2.4967411 0.52598568 0.0036822913 1 0
0.92156863 2.5455313 0.52729301 0.0036926175 1 0
0.9254902 2.5968246 0.52865642 0.0036489488 1 0
0.92941176 2.6508918 0.53009549 0.0036591102 1 0
0.93333333 2.7080502 0.53157845 0.0037036667 1 0
0.9372549 2.7686748 0.53315941 0.0037026004 1 0
0.94117647 2.8332133 0.53481615 0.0037034316 1 0
0.94509804 2.9022062 0.53629215 0.0037267318 1 0
0.94901961 2.9763142 0.53810901 0.0036962755 1 0
0.95294118 3.0563569 0.5400184 0.0037088846 1 0
0.95686275 3.1433683 0.54208255 0.0038749893 1 0
0.96078431 3.2386785 0.54416289 0.0040292842 1 0
0.96470588 3.344039 0.54648158 0.004036624 1 0
0.96862745 3.461822 0.54913965 0.0041592441 1 0
0.97254902 3.5953534 0.55230643 0.004231096 1 0
0.97647059 3.7495041 0.55574711 0.0042400087 1 0
0.98039216 3.9318256 0.55953752 0.0041521891 1 0
0.98431373 4.1549692 0.5637576 0.0042007152 1 0
0.98823529 4.4426513 0.56911594 0.0040893959 1 0
0.99215686 4.8481164 0.57616319 0.0040955687 1 0
0.99607843 5.5412635 0.58771311 0.0042168545 1 0
1 inf 1 0 0 0
