zeta log_threshold precision_mean precision_std recall_mean recall_std
0 0 0.189224 0.001066257 1 0
0.0039215686 0.0039292781 0.87027866 0.070702652 0.20396992 0.11889285
0.0078431373 0.0078740564 0.88805626 0.068974655 0.18634874 0.10920261
0.011764706 0.011834458 0.89829356 0.070008552 0.17537013 0.10360372
0.015686275 0.015810606 0.90620231 0.06932671 0.16709775 0.098822744
0.019607843 0.019802627 0.91243239 0.068239394 0.16001785 0.094694055
0.023529412 0.023810649 0.91872966 0.067126873 0.15443628 0.091445434
0.02745098 0.027834799 0.92405286 0.065640236 0.14943509 0.08810719
0.031372549 0.031875209 0.92871459 0.064833866 0.14490921 0.08516438
0.035294118 0.035932009 0.93204572 0.064979902 0.14115376 0.082896508
0.039215686 0.040005335 0.93367047 0.064209114 0.13733652 0.080587026
0.043137255 0.04409532 0.93473709 0.062962575 0.13398192 0.078495019
0.047058824 0.048202102 0.93571607 0.061740032 0.13074335 0.076599487
0.050980392 0.052325819 0.93649117 0.061970648 0.12786369 0.074823159
0.054901961 0.056466612 0.93720889 0.06168069 0.12514012 0.073521818
0.058823529 0.060624622 0.93743526 0.061793152 0.12235414 0.072131243
0.062745098 0.064799993 0.93866792 0.061612099 0.11988623 0.070466641
0.066666667 0.068992871 0.93991901 0.06122548 0.11785998 0.069309732
0.070588235 0.073203404 0.94013749 0.061309934 0.11597136 0.068421788
0.074509804 0.07743174 0.94115897 0.060790878 0.11407161 0.067212525
0.078431373 0.081678031 0.94292694 0.060489654 0.11237312 0.066313132
0.082352941 0.08594243 0.94336366 0.059630431 0.11067458 0.065374642
0.08627451 0.090225092 0.94438687 0.059267057 0.10881787 0.064040362
0.090196078 0.094526173 0.94476267 0.058832621 0.10709889 0.063031498
0.094117647 0.098845835 0.94607412 0.058290997 0.10547384 0.061950135
0.098039216 0.10318424 0.94687112 0.0574761 0.10408029 0.061140194
0.10196078 0.10754154 0.94708254 0.057408283 0.10267724 0.060306624
0.10588235 0.11191792 0.94825967 0.056814868 0.10108344 0.059422874
0.10980392 0.11631353 0.94864093 0.057020266 0.099871486 0.058595438
0.11372549 0.12072855 0.94891228 0.056598742 0.098448807 0.057723377
0.11764706 0.12516314 0.94904467 0.056969448 0.097246631 0.056941653
0.12156863 0.12961749 0.94998674 0.056973628 0.095980498 0.056228857
0.1254902 0.13409177 0.95007815 0.056904702 0.094588472 0.055345252
0.12941176 0.13858616 0.95020383 0.056979085 0.093417576 0.054796679
0.13333333 0.14310084 0.95246053 0.056331612 0.092088814 0.054011227
0.1372549 0.147636 0.9526153 0.056190418 0.090876385 0.053348093
0.14117647 0.15219182 0.95371825 0.056631778 0.089715421 0.052713234
0.14509804 0.15676848 0.95406011 0.056345362 0.088493098 0.051960653
0.14901961 0.16136619 0.9542226 0.056571968 0.087396603 0.051203643
0.15294118 0.16598514 0.95554899 0.056193371 0.086478249 0.050630409
0.15686275 0.17062552 0.95579473 0.056294944 0.085391846 0.049924771
0.16078431 0.17528753 0.95630065 0.055718568 0.084348132 0.0493629
0.16470588 0.17997138 0.95656051 0.055619791 0.083419883 0.048915716
0.16862745 0.18467727 0.95632115 0.056334986 0.082649234 0.048485733
0.17254902 0.18940541 0.95801041 0.056538941 0.081689105 0.047958624
0.17647059 0.19415601 0.95841898 0.056651861 0.080771736 0.047464045
0.18039216 0.19892929 0.95870011 0.056083956 0.079895958 0.046981314
0.18431373 0.20372547 0.95881264 0.056048996 0.079041797 0.046544057
0.18823529 0.20854475 0.95893054 0.056441073 0.078324694 0.046217112
0.19215686 0.21338738 0.95889517 0.056556568 0.077480816 0.045830003
0.19607843 0.21825357 0.95939851 0.056137344 0.076826634 0.045411352
0.2 0.22314355 0.95969855 0.056064501 0.075856343 0.044813412
0.20392157 0.22805757 0.9600523 0.055244368 0.075128659 0.044426226
0.20784314 0.23299585 0.96077262 0.054080853 0.074390655 0.044070111
0.21176471 0.23795864 0.96104944 0.053538083 0.073557681 0.043597193
0.21568627 0.24294618 0.96106247 0.053473455 0.072903926 0.04309997
0.21960784 0.24795872 0.96197898 0.053444343 0.072176393 0.042568663
0.22352941 0.25299651 0.96304595 0.053856723 0.071459427 0.042135127
0.22745098 0.25805982 0.96299107 0.054358085 0.070688917 0.04173931
0.23137255 0.26314889 0.96359654 0.054132055 0.070034413 0.041386026
0.23529412 0.26826399 0.96337407 0.054733321 0.069389906 0.041111256
0.23921569 0.27340539 0.96381337 0.054204453 0.068714941 0.040773126
0.24313725 0.27857336 0.96364993 0.054492959 0.067902521 0.040341323
0.24705882 0.28376817 0.96377814 0.054601746 0.067247767 0.040023628
0.25098039 0.28899012 0.96409078 0.053865365 0.06665706 0.039765897
0.25490196 0.29423947 0.96401926 0.054181182 0.066172143 0.039482344
0.25882353 0.29951653 0.96391117 0.054368768 0.06552876 0.039139053
0.2627451 0.30482158 0.96395514 0.054561264 0.064917257 0.038841078
0.26666667 0.31015493 0.96550118 0.055017909 0.064379903 0.038521112
0.27058824 0.31551687 0.96549618 0.055061701 0.063830888 0.038166537
0.2745098 0.32090772 0.96694166 0.055697881 0.063261002 0.037959422
0.27843137 0.32632779 0.96704296 0.056031505 0.062659695 0.037677449
0.28235294 0.33177739 0.96691339 0.056454664 0.061920594 0.037510205
0.28627451 0.33725686 0.96683197 0.056536193 0.061297757 0.037303332
0.29019608 0.34276651 0.9670148 0.056089162 0.060791345 0.036982575
0.29411765 0.34830669 0.96683797 0.05667954 0.060190051 0.036609864
0.29803922 0.35387774 0.9672551 0.055770857 0.059715477 0.036387678
0.30196078 0.35947999 0.96745566 0.05504551 0.059051589 0.036022617
0.30588235 0.36511381 0.9673789 0.055106814 0.05849233 0.035662978
0.30980392 0.37077955 0.96942103 0.055367929 0.057954328 0.035412116
0.31372549 0.37647757 0.97126016 0.056468902 0.057490664 0.035128963
0.31764706 0.38220825 0.97101874 0.05694347 0.056963641 0.034909649
0.32156863 0.38797195 0.97129738 0.05637575 0.05646814 0.034596682
0.3254902 0.39376907 0.97154212 0.055877059 0.055888274 0.03428867
0.32941176 0.39959999 0.97237052 0.054208801 0.055361153 0.03397911
0.33333333 0.40546511 0.97230083 0.05433851 0.054812598 0.033679206
0.3372549 0.41136483 0.97205479 0.054820714 0.054264207 0.033365465
0.34117647 0.41729957 0.9721444 0.054633057 0.053821663 0.033133649
0.34509804 0.42326973 0.97207119 0.054773231 0.053273122 0.032855066
0.34901961 0.42927576 0.97203654 0.054832244 0.052735282 0.032562241
0.35294118 0.43531807 0.97214952 0.054963206 0.052313336 0.032377122
0.35686275 0.44139712 0.97203769 0.055550851 0.051754333 0.03198817
0.36078431 0.44751334 0.97208835 0.05544558 0.051258885 0.031781445
0.36470588 0.45366721 0.97241558 0.054789123 0.050857979 0.03151911
0.36862745 0.45985918 0.97201491 0.055587537 0.050446181 0.03134569
0.37254902 0.46608973 0.97224816 0.055118397 0.050109043 0.031118851
0.37647059 0.47235934 0.97207528 0.05545995 0.04957083 0.030877549
0.38039216 0.47866851 0.97257004 0.054467689 0.049001071 0.030585686
0.38431373 0.48501774 0.97238389 0.054836874 0.048621629 0.030386402
0.38823529 0.49140754 0.972396 0.054809508 0.048125935 0.030093664
0.39215686 0.49783843 0.9725032 0.054591592 0.047619944 0.029749694
0.39607843 0.50431094 0.97216704 0.055261296 0.047197856 0.029540953
0.4 0.51082562 0.97201997 0.055553135 0.046723257 0.029217734
0.40392157 0.51738302 0.97217609 0.055237896 0.046301442 0.028960369
0.40784314 0.52398371 0.97229738 0.054990213 0.045752619 0.02873042
0.41176471 0.53062825 0.9729937 0.053593425 0.045278093 0.02846691
0.41568627 0.53731724 0.97301501 0.053547615 0.044929515 0.02832949
0.41960784 0.54405127 0.97265983 0.054255447 0.044486364 0.028111099
0.42352941 0.55083096 0.97285323 0.053865021 0.044032284 0.027909333
0.42745098 0.55765692 0.97287386 0.053820788 0.043673301 0.02771574
0.43137255 0.5645298 0.97300072 0.053562573 0.043304161 0.027451788
0.43529412 0.57145025 0.97284028 0.053881531 0.042934948 0.027146593
0.43921569 0.57841891 0.97342348 0.052712847 0.042629186 0.026948565
0.44313725 0.58543649 0.97472101 0.050114723 0.042355192 0.02676866
0.44705882 0.59250365 0.97435878 0.050835604 0.041890919 0.026599232
0.45098039 0.59962112 0.97414596 0.051256377 0.041384825 0.026223498
0.45490196 0.60678961 0.97450648 0.050532482 0.041121505 0.026035099
0.45882353 0.61400986 0.97460507 0.05032902 0.040657529 0.025814512
0.4627451 0.62128262 0.97513258 0.049269743 0.040172606 0.025495313
0.46666667 0.62860866 0.97534851 0.04883441 0.039803434 0.025232542
0.47058824 0.63598877 0.97502818 0.049471967 0.03946557 0.025119766
0.4745098 0.64342375 0.97486459 0.049796895 0.039117572 0.024875599
0.47843137 0.65091442 0.9748088 0.049905771 0.038811867 0.024641939
0.48235294 0.65846162 0.97452923 0.050458911 0.03837942 0.024345554
0.48627451 0.66606622 0.97412958 0.051255368 0.03799937 0.024156021
0.49019608 0.67372909 0.97407086 0.051370912 0.037735852 0.023936664
0.49411765 0.68145114 0.97445694 0.050593972 0.037324216 0.023705928
0.49803922 0.68923328 0.9746855 0.05013492 0.036955055 0.02347084
0.50196078 0.69707646 0.97426708 0.050964814 0.036501277 0.023271715
0.50588235 0.70498164 0.97420454 0.051084825 0.036217126 0.023129169
0.50980392 0.71294981 0.97425186 0.050982911 0.035742438 0.02286234
0.51372549 0.72098198 0.97406438 0.051354148 0.035447124 0.022652999
0.51764706 0.72907919 0.97423665 0.051002017 0.035131069 0.02253819
0.52156863 0.7372425 0.97385207 0.051765581 0.034688016 0.022329303
0.5254902 0.745473 0.97417722 0.05164557 0.034402859 0.022283383
0.52941176 0.7537718 0.97455471 0.050890585 0.034118508 0.022128957
0.53333333 0.76214005 0.97435897 0.051282051 0.033717804 0.021936238
0.5372549 0.77057892 0.97447917 0.051041667 0.033411859 0.021775915
0.54117647 0.77908961 0.97572559 0.048548813 0.033095636 0.021543275
0.54509804 0.78767335 0.97647059 0.047058824 0.032737116 0.021266909
0.54901961 0.79633142 0.97628032 0.047439353 0.032367991 0.021012284
0.55294118 0.8050651 0.97692308 0.046153846 0.032019764 0.020775044
0.55686275 0.81387573 0.97653631 0.046927374 0.031597633 0.020504753
0.56078431 0.82276467 0.97663818 0.046723647 0.031185915 0.020309159
0.56470588 0.83173334 0.97732558 0.045348837 0.030827188 0.020093135
0.56862745 0.84078318 0.97758112 0.044837758 0.030573943 0.0199314
0.57254902 0.84991566 0.97731343 0.045373134 0.030215519 0.019746723
0.57647059 0.85913232 0.97724551 0.045508982 0.029941291 0.019550074
0.58039216 0.86843471 0.97784615 0.044307692 0.029560993 0.01929516
0.58431373 0.87782445 0.978125 0.04375 0.029265568 0.019094672
0.58823529 0.8873032 0.97827476 0.043450479 0.02900151 0.018970121
0.59215686 0.89687265 0.97922078 0.041558442 0.028779714 0.018820242
0.59607843 0.90653456 0.98013245 0.039735099 0.028505652 0.018718854
0.6 0.91629073 0.98006645 0.03986711 0.028284405 0.018547604
0.60392157 0.92614303 0.97966102 0.040677966 0.027925469 0.018317779
0.60784314 0.93609336 0.98 0.04 0.027577456 0.018109773
0.61176471 0.9461437 0.97979094 0.040418118 0.02717686 0.017833452
0.61568627 0.95629607 0.98014184 0.039716312 0.026902565 0.017701336
0.61960784 0.96655257 0.98050542 0.03898917 0.02652287 0.017470799
0.62352941 0.97691535 0.9810219 0.037956204 0.026248876 0.01733813
0.62745098 0.98738665 0.98215613 0.035687732 0.025953463 0.017098497
0.63137255 0.99796876 0.98181818 0.036363636 0.025647179 0.016859789
0.63529412 1.0086641 0.98167939 0.036641221 0.025351964 0.016605295
0.63921569 1.019475 0.98132296 0.037354086 0.025045783 0.016405716
0.64313725 1.030404 0.9816 0.0368 0.02481326 0.01631282
0.64705882 1.0414539 0.9815261 0.036947791 0.024591916 0.016117989
0.65098039 1.0526272 0.98145161 0.037096774 0.024307512 0.015982238
0.65490196 1.0639267 0.98122449 0.03755102 0.024085911 0.015878805
0.65882353 1.0753554 0.98333333 0.033333333 0.023832742 0.01570697
0.6627451 1.0869162 0.98396624 0.032067511 0.023600539 0.015475675
0.66666667 1.0986123 0.98389831 0.03220339 0.02336864 0.01527394
0.67058824 1.1104467 0.98340611 0.033187773 0.023083312 0.015136964
0.6745098 1.1224229 0.984 0.032 0.022840689 0.014973946
0.67843137 1.1345443 0.98447489 0.031050228 0.022471501 0.014767623
0.68235294 1.1468144 0.98497653 0.030046948 0.022144304 0.014658529
0.68627451 1.1592369 0.98483412 0.030331754 0.021817664 0.014434291
0.69019608 1.1718157 0.98564593 0.028708134 0.021501354 0.014181487
0.69411765 1.1845547 0.98557692 0.028846154 0.021248488 0.014040008
0.69803922 1.1974581 0.98613861 0.027722772 0.020973984 0.01389578
0.70196078 1.2105302 0.98781726 0.024365482 0.020710245 0.013791553
0.70588235 1.2237754 0.98947368 0.021052632 0.020488572 0.013711245
0.70980392 1.2371985 0.98947368 0.021052632 0.020278089 0.013560449
0.71372549 1.2508041 0.98941799 0.021164021 0.019951545 0.013324889
0.71764706 1.2645974 0.99005525 0.019889503 0.019634726 0.013200678
0.72156863 1.2785837 0.99 0.02 0.019318507 0.012952325
0.7254902 1.2927683 0.98983051 0.020338983 0.018991615 0.01275894
0.72941176 1.307157 0.98977273 0.020454545 0.018633205 0.012441795
0.73333333 1.3217558 0.99075145 0.01849711 0.018359164 0.012256204
0.7372549 1.3365709 0.99176471 0.016470588 0.018074712 0.012139425
0.74117647 1.3516088 0.99272727 0.014545455 0.017758074 0.011975305
0.74509804 1.3668763 0.99259259 0.014814815 0.017504899 0.011858606
0.74901961 1.3823805 0.99254658 0.014906832 0.017178313 0.011588385
0.75294118 1.3981288 0.99245283 0.01509434 0.01695696 0.011439485
0.75686275 1.4141292 0.99490446 0.010191083 0.016735924 0.011338455
0.76078431 1.4303897 0.99487179 0.01025641 0.016462137 0.011171544
0.76470588 1.446919 0.99477124 0.010457516 0.016135102 0.010956148
0.76862745 1.4637261 0.99589041 0.0082191781 0.015786924 0.010899613
0.77254902 1.4808205 0.99586207 0.0082758621 0.015481216 0.01061331
0.77647059 1.4982123 0.99577465 0.0084507042 0.015090934 0.01029521
0.78039216 1.5159119 0.99571429 0.0085714286 0.014806043 0.010073416
0.78431373 1.5339304 0.99703704 0.0059259259 0.014531732 0.0098911217
0.78823529 1.5522795 0.996875 0.00625 0.01410953 0.0096213572
0.79215686 1.5709716 0.9968254 0.0063492063 0.013814168 0.0093248745
0.79607843 1.5900198 0.99677419 0.0064516129 0.013434492 0.008958964
0.8 1.6094379 0.99836066 0.0032786885 0.013202492 0.0087719205
0.80392157 1.6292405 0.99831933 0.0033613445 0.012980888 0.0086163841
0.80784314 1.6494432 0.99830508 0.0033898305 0.012591054 0.0082889669
0.81176471 1.6700625 0.99823009 0.003539823 0.012189946 0.007976892
0.81568627 1.6911159 0.9981982 0.0036036036 0.011905388 0.0077647535
0.81960784 1.7126221 0.99814815 0.0037037037 0.011452124 0.0073760906
0.82352941 1.7346011 0.99813084 0.0037383178 0.010957177 0.0069896978
0.82745098 1.7570739 0.99811321 0.0037735849 0.010609273 0.0067999614
0.83137255 1.7800634 0.99809524 0.0038095238 0.01035636 0.0066080015
0.83529412 1.8035939 0.99805825 0.0038834951 0.010008546 0.0063595675
0.83921569 1.8276915 0.99793814 0.0041237113 0.0096917953 0.0062261963
0.84313725 1.8523841 0.99791667 0.0041666667 0.0094074026 0.0060332868
0.84705882 1.8777019 0.99787234 0.0042553191 0.0091226956 0.0057787768
0.85098039 1.9036774 1 0 0.0088059334 0.0055709774
0.85490196 1.9303456 1 0 0.0085107749 0.0053700563
0.85882353 1.9577446 1 0 0.0082572434 0.0052035178
0.8627451 1.9859155 1 0 0.0080149246 0.0050032035
0.86666667 2.014903 1 0 0.0077402705 0.0048585897
0.87058824 2.044756 1 0 0.0073292587 0.0045251737
0.8745098 2.0755276 1 0 0.0070340993 0.0043867463
0.87843137 2.1072763 1 0 0.006706693 0.0041781463
0.88235294 2.1400662 1 0 0.0064427976 0.0039991165
0.88627451 2.1739677 1 0 0.0062428726 0.0038566269
0.89019608 2.209059 1 0 0.0060528426 0.0037637112
0.89411765 2.2454267 1 0 0.0058314985 0.003657068
0.89803922 2.283167 1 0 0.0055366893 0.00346362
0.90196078 2.3223877 1 0 0.0053046335 0.0032737902
0.90588235 2.3632097 1 0 0.0051147477 0.0031667679
0.90980392 2.4057693 1 0 0.0048828982 0.0030222115
0.91372549 2.4502211 1 0 0.0046615501 0.0028846711
0.91764706 2.4967411 1 0 0.00442957 0.0028003869
0.92156863 2.5455313 1 0 0.0042400116 0.0026411068
0.9254902 2.5968246 1 0 0.0039973387 0.0025101493
0.92941176 2.6508918 1 0 0.0037126722 0.0023291963
0.93333333 2.7080502 1 0 0.0035334684 0.0021838914
0.9372549 2.7686748 1 0 0.0033015661 0.0019811422
0.94117647 2.8332133 1 0 0.0030484848 0.0018318154
0.94509804 2.9022062 1 0 0.0027955988 0.001685208
0.94901961 2.9763142 1 0 0.0025213517 0.0015382999
0.95294118 3.0563569 1 0 0.0022576571 0.0014134269
0.95686275 3.1433683 1 0 0.0020363563 0.001346288
0.96078431 3.2386785 1 0 0.0018146134 0.0011902161
0.96470588 3.344039 1 0 0.0016037197 0.0011019521
0.96862745 3.461822 1 0 0.0014032491 0.00097522434
0.97254902 3.5953534 1 0 0.0012346569 0.00080811516
0.97647059 3.7495041 1 0 0.0010766283 0.00066062723
0.98039216 3.9318256 1 0 0.00089706459 0.00051397615
0.98431373 4.1549692 1 0 0.00074942828 0.00044270266
0.98823529 4.4426513 1 0 0.00062281751 0.00037338546
0.99215686 4.8481164 1 0 0.00044351284 0.00030342893
0.99607843 5.5412635 1 0 0.00020079815 0.00013124315
1 inf 1 0 0 0
