zeta log_threshold precision_mean precision_std recall_mean recall_std
0 0 0.189224 0.001066257 1 0
0.0039215686 0.0039292781 0.70564634 0.042980635 0.72063039 0.10433365
0.0078431373 0.0078740564 0.72970044 0.043811227 0.68240431 0.097426672
0.011764706 0.011834458 0.74589666 0.043324326 0.658962 0.091639236
0.015686275 0.015810606 0.75656902 0.041524647 0.64001292 0.087753216
0.019607843 0.019802627 0.76543325 0.040631765 0.62449721 0.08441161
0.023529412 0.023810649 0.77262036 0.039758293 0.61184737 0.081597723
0.02745098 0.027834799 0.77881357 0.039061974 0.60036156 0.079498539
0.031372549 0.031875209 0.78471138 0.038399127 0.58978344 0.076965285
0.035294118 0.035932009 0.78991844 0.037395831 0.5804092 0.074504819
0.039215686 0.040005335 0.79438049 0.037462142 0.57163856 0.072560937
0.043137255 0.04409532 0.7988784 0.03632813 0.56343331 0.071155123
0.047058824 0.048202102 0.80281953 0.035989535 0.55561855 0.069883515
0.050980392 0.052325819 0.80654127 0.035901507 0.54856307 0.068749499
0.054901961 0.056466612 0.8102299 0.035497816 0.54197234 0.067515383
0.058823529 0.060624622 0.81370945 0.035236999 0.53532014 0.066708674
0.062745098 0.064799993 0.81671764 0.034781464 0.52913358 0.065535151
0.066666667 0.068992871 0.81967033 0.034112473 0.5233058 0.064425336
0.070588235 0.073203404 0.82211136 0.033276079 0.51791284 0.063799861
0.074509804 0.07743174 0.82512578 0.033120722 0.51312208 0.063093857
0.078431373 0.081678031 0.82773676 0.032712541 0.50791851 0.062214663
0.082352941 0.08594243 0.83023876 0.032118649 0.50292662 0.061363549
0.08627451 0.090225092 0.83245165 0.031618372 0.49814654 0.060508665
0.090196078 0.094526173 0.8346201 0.031613279 0.49348308 0.060056359
0.094117647 0.098845835 0.83691838 0.031380278 0.48907287 0.05949568
0.098039216 0.10318424 0.83922815 0.031140936 0.48473763 0.059002486
0.10196078 0.10754154 0.84115193 0.030993118 0.48049512 0.058004473
0.10588235 0.11191792 0.84285774 0.030546646 0.47675046 0.057319151
0.10980392 0.11631353 0.84468084 0.030114344 0.47303937 0.057013583
0.11372549 0.12072855 0.8469043 0.029618146 0.46941986 0.056073159
0.11764706 0.12516314 0.84867701 0.029232396 0.46546475 0.0556149
0.12156863 0.12961749 0.85021661 0.029005276 0.46166658 0.054946026
0.1254902 0.13409177 0.85189818 0.028885535 0.45816386 0.054015183
0.12941176 0.13858616 0.85364479 0.029197537 0.45461939 0.053292776
0.13333333 0.14310084 0.85526565 0.029300192 0.45094742 0.052604192
0.1372549 0.147636 0.85668044 0.029053757 0.44741426 0.051931603
0.14117647 0.15219182 0.85845906 0.029005517 0.44373367 0.051427963
0.14509804 0.15676848 0.85968483 0.028625173 0.44046554 0.051084311
0.14901961 0.16136619 0.86116507 0.0287605 0.43691083 0.0505684
0.15294118 0.16598514 0.86206468 0.028450599 0.43343853 0.049578245
0.15686275 0.17062552 0.86363108 0.028395211 0.43040057 0.048822254
0.16078431 0.17528753 0.86527094 0.028334822 0.42705683 0.048154492
0.16470588 0.17997138 0.86653298 0.02841272 0.42380907 0.047596753
0.16862745 0.18467727 0.86784303 0.028248874 0.4207518 0.047178397
0.17254902 0.18940541 0.86901515 0.028117963 0.41778928 0.046683086
0.17647059 0.19415601 0.86990398 0.028209372 0.41497495 0.046187422
0.18039216 0.19892929 0.87133154 0.028492295 0.41218023 0.045436891
0.18431373 0.20372547 0.8723821 0.028668008 0.40918662 0.045180348
0.18823529 0.20854475 0.87348265 0.028939658 0.40620375 0.045082276
0.19215686 0.21338738 0.87469766 0.028983741 0.40346332 0.044651029
0.19607843 0.21825357 0.87630034 0.029079191 0.40088178 0.044303074
0.2 0.22314355 0.87726947 0.02913687 0.39835379 0.044078553
0.20392157 0.22805757 0.87798962 0.029212888 0.39538153 0.043660996
0.20784314 0.23299585 0.87897525 0.029115841 0.39248334 0.043333987
0.21176471 0.23795864 0.87999213 0.02926916 0.38981739 0.042938669
0.21568627 0.24294618 0.88123844 0.029458818 0.38740541 0.042577669
0.21960784 0.24795872 0.88216824 0.029339304 0.38487765 0.042431411
0.22352941 0.25299651 0.88335321 0.029499305 0.38235966 0.042224306
0.22745098 0.25805982 0.88406878 0.029263393 0.3798637 0.042020847
0.23137255 0.26314889 0.88515363 0.029619563 0.37742968 0.041604142
0.23529412 0.26826399 0.88644344 0.029537758 0.37502788 0.041197617
0.23921569 0.27340539 0.88717419 0.02960946 0.3725406 0.040926484
0.24313725 0.27857336 0.88796136 0.029193871 0.37010611 0.040454976
0.24705882 0.28376817 0.88871634 0.029316525 0.36756592 0.040049938
0.25098039 0.28899012 0.88995503 0.029846701 0.36515429 0.039940899
0.25490196 0.29423947 0.89071694 0.029893044 0.36284773 0.039750459
0.25882353 0.29951653 0.8914887 0.029849169 0.36066827 0.039516173
0.2627451 0.30482158 0.89217646 0.030055719 0.35820235 0.039123992
0.26666667 0.31015493 0.89308285 0.030112053 0.35587484 0.038881387
0.27058824 0.31551687 0.89403491 0.0304679 0.35343019 0.038531585
0.2745098 0.32090772 0.89462016 0.030774708 0.35125061 0.038329075
0.27843137 0.32632779 0.89556343 0.031008848 0.3486579 0.037806475
0.28235294 0.33177739 0.89644769 0.031165493 0.34629942 0.037748152
0.28627451 0.33725686 0.89716287 0.031099831 0.34407797 0.03752028
0.29019608 0.34276651 0.89809965 0.031043683 0.3419949 0.037644863
0.29411765 0.34830669 0.89883678 0.03107186 0.33962672 0.037974879
0.29803922 0.35387774 0.89965052 0.030989047 0.33727888 0.037858378
0.30196078 0.35947999 0.90055842 0.030585245 0.33471961 0.038018428
0.30588235 0.36511381 0.90160015 0.030390644 0.3324142 0.038239602
0.30980392 0.37077955 0.90212028 0.03058331 0.33022377 0.03819031
0.31372549 0.37647757 0.90278968 0.030706174 0.32807525 0.037907552
0.31764706 0.38220825 0.90353641 0.030745469 0.32594686 0.037689321
0.32156863 0.38797195 0.90430655 0.03113666 0.32374499 0.037583811
0.3254902 0.39376907 0.90487487 0.031266887 0.32152292 0.037478904
0.32941176 0.39959999 0.90542141 0.031238815 0.31944793 0.037171742
0.33333333 0.40546511 0.90642262 0.031124297 0.31743862 0.037460104
0.3372549 0.41136483 0.90692783 0.031118219 0.31491994 0.037238192
0.34117647 0.41729957 0.90769632 0.03095442 0.31295096 0.036847102
0.34509804 0.42326973 0.9082489 0.031106138 0.3109621 0.036691285
0.34901961 0.42927576 0.90878706 0.031325549 0.3086465 0.036623949
0.35294118 0.43531807 0.90942888 0.031820068 0.30640248 0.036439245
0.35686275 0.44139712 0.91056683 0.031888695 0.30437964 0.03598897
0.36078431 0.44751334 0.91113208 0.031821386 0.30247602 0.035925169
0.36470588 0.45366721 0.91153708 0.032079247 0.3002761 0.035716178
0.36862745 0.45985918 0.91258907 0.0325918 0.29802265 0.035406256
0.37254902 0.46608973 0.91340357 0.033028904 0.29601237 0.035420501
0.37647059 0.47235934 0.91380835 0.033114413 0.29386314 0.03517292
0.38039216 0.47866851 0.91442874 0.033270422 0.29189575 0.035177164
0.38431373 0.48501774 0.9150803 0.032964929 0.28975975 0.035062431
0.38823529 0.49140754 0.91528288 0.033268284 0.28776982 0.034905896
0.39215686 0.49783843 0.9159609 0.03343106 0.28569517 0.034725078
0.39607843 0.50431094 0.91682872 0.0335882 0.28350617 0.035006805
0.4 0.51082562 0.91727037 0.034023274 0.28152575 0.034902978
0.40392157 0.51738302 0.91785991 0.034425298 0.27981244 0.034940731
0.40784314 0.52398371 0.9179708 0.034950291 0.27791874 0.034835765
0.41176471 0.53062825 0.91831381 0.03515358 0.27591891 0.03474508
0.41568627 0.53731724 0.91900537 0.035435932 0.27377176 0.034736379
0.41960784 0.54405127 0.9194113 0.035529579 0.27176322 0.034637662
0.42352941 0.55083096 0.91976278 0.035654435 0.26959412 0.034361997
0.42745098 0.55765692 0.92051911 0.036048705 0.26759328 0.034060327
0.43137255 0.5645298 0.92105021 0.035750029 0.26571037 0.034150679
0.43529412 0.57145025 0.92150744 0.035735151 0.26393243 0.033959689
0.43921569 0.57841891 0.92198931 0.036000907 0.2620699 0.033894409
0.44313725 0.58543649 0.92239736 0.036097158 0.26039834 0.03388299
0.44705882 0.59250365 0.92272069 0.03594258 0.2585791 0.033793283
0.45098039 0.59962112 0.92338834 0.035896867 0.256684 0.033505324
0.45490196 0.60678961 0.92404365 0.035756991 0.25499043 0.033279132
0.45882353 0.61400986 0.92451896 0.035763362 0.25311799 0.033277276
0.4627451 0.62128262 0.92481827 0.03575078 0.25138338 0.032980917
0.46666667 0.62860866 0.92576592 0.035165322 0.24970152 0.032816806
0.47058824 0.63598877 0.92634317 0.035152004 0.2479344 0.032653782
0.4745098 0.64342375 0.92671175 0.035556193 0.24610568 0.032601552
0.47843137 0.65091442 0.9272874 0.035149291 0.24428455 0.032572232
0.48235294 0.65846162 0.92788562 0.035058822 0.24227408 0.032282484
0.48627451 0.66606622 0.92836404 0.034917466 0.24044341 0.032098656
0.49019608 0.67372909 0.92861567 0.034857214 0.23818054 0.032018115
0.49411765 0.68145114 0.92893103 0.034783669 0.2363927 0.03198434
0.49803922 0.68923328 0.92973101 0.034711427 0.23466791 0.031547213
0.50196078 0.69707646 0.92997463 0.034896687 0.23259462 0.031126908
0.50588235 0.70498164 0.93062724 0.034600527 0.23065915 0.030738246
0.50980392 0.71294981 0.9309745 0.034613467 0.22892422 0.030684494
0.51372549 0.72098198 0.93128428 0.034631502 0.22731675 0.030421411
0.51764706 0.72907919 0.93180959 0.034554018 0.22588933 0.030433024
0.52156863 0.7372425 0.9322273 0.034367214 0.22400666 0.030088335
0.5254902 0.745473 0.93260567 0.034088322 0.22243034 0.029899849
0.52941176 0.7537718 0.93318195 0.033926383 0.22055881 0.029539516
0.53333333 0.76214005 0.93385368 0.034095658 0.21860137 0.029072848
0.5372549 0.77057892 0.93448259 0.034297576 0.21701477 0.028840648
0.54117647 0.77908961 0.93486831 0.034258592 0.21542835 0.028502605
0.54509804 0.78767335 0.93522603 0.034320169 0.21359889 0.028340622
0.54901961 0.79633142 0.93579903 0.034452314 0.2119175 0.028018128
0.55294118 0.8050651 0.93629259 0.034464584 0.20993985 0.027678709
0.55686275 0.81387573 0.93668701 0.034313635 0.20805732 0.027271157
0.56078431 0.82276467 0.93757314 0.034120446 0.20635467 0.027279042
0.56470588 0.83173334 0.93770883 0.033897957 0.20464123 0.027261162
0.56862745 0.84078318 0.93815711 0.033920096 0.20302346 0.027185975
0.57254902 0.84991566 0.93885383 0.033668391 0.20127753 0.026947495
0.57647059 0.85913232 0.93902272 0.033869759 0.19956334 0.02674594
0.58039216 0.86843471 0.93953224 0.033842313 0.19799718 0.026585697
0.58431373 0.87782445 0.93990742 0.033808989 0.19615567 0.026266604
0.58823529 0.8873032 0.94003571 0.0334488 0.19437941 0.02598753
0.59215686 0.89687265 0.94057821 0.033043713 0.19272976 0.02570477
0.59607843 0.90653456 0.94093549 0.032994461 0.19119647 0.025582123
0.6 0.91629073 0.94136646 0.033095862 0.18949386 0.025361171
0.60392157 0.92614303 0.94193932 0.033002315 0.1878022 0.02527827
0.60784314 0.93609336 0.94236092 0.032915653 0.18608942 0.025078806
0.61176471 0.9461437 0.94279952 0.033017124 0.18446118 0.024955867
0.61568627 0.95629607 0.94323614 0.033087671 0.18278022 0.024955141
0.61960784 0.96655257 0.94379288 0.032690641 0.18106721 0.024592954
0.62352941 0.97691535 0.94431217 0.032501131 0.17937571 0.024390612
0.62745098 0.98738665 0.94475842 0.032425166 0.17764279 0.024160558
0.63137255 0.99796876 0.94503426 0.032442925 0.17579234 0.024207671
0.63529412 1.0086641 0.94586393 0.032182738 0.17437428 0.024230037
0.63921569 1.019475 0.94632151 0.032313489 0.1726721 0.023930071
0.64313725 1.030404 0.94689755 0.032420547 0.17101237 0.023732435
0.64705882 1.0414539 0.94720993 0.032974204 0.16942533 0.023607182
0.65098039 1.0526272 0.94763885 0.033448558 0.16792456 0.023918535
0.65490196 1.0639267 0.94786331 0.03377391 0.16642284 0.023770936
0.65882353 1.0753554 0.94829252 0.033656539 0.16494222 0.023654204
0.6627451 1.0869162 0.94886301 0.033874487 0.16351472 0.023471055
0.66666667 1.0986123 0.94926561 0.033871359 0.16197058 0.023358059
0.67058824 1.1104467 0.94964186 0.033904516 0.1604693 0.023103308
0.6745098 1.1224229 0.95012758 0.033507355 0.15884088 0.022881403
0.67843137 1.1345443 0.95062151 0.033501129 0.15717126 0.022665074
0.68235294 1.1468144 0.95101878 0.033655092 0.15536213 0.022499777
0.68627451 1.1592369 0.9519194 0.03327475 0.15364941 0.022331771
0.69019608 1.1718157 0.95236872 0.033101956 0.15170426 0.021879292
0.69411765 1.1845547 0.95302821 0.032318944 0.15005552 0.021717048
0.69803922 1.1974581 0.95341842 0.032477931 0.14858635 0.021842012
0.70196078 1.2105302 0.95402657 0.032297418 0.14705342 0.021848416
0.70588235 1.2237754 0.95448644 0.031892543 0.14558267 0.021763358
0.70980392 1.2371985 0.95472485 0.031761608 0.14397511 0.02166574
0.71372549 1.2508041 0.95509242 0.031617537 0.14238966 0.021344832
0.71764706 1.2645974 0.95580322 0.031793299 0.14093103 0.021148951
0.72156863 1.2785837 0.95608109 0.031970458 0.13930257 0.021086815
0.7254902 1.2927683 0.95656371 0.032067665 0.137674 0.020909644
0.72941176 1.307157 0.95685014 0.031713311 0.13622546 0.020407158
0.73333333 1.3217558 0.957152 0.03174416 0.13460785 0.020196771
0.7372549 1.3365709 0.95763576 0.031477147 0.13290548 0.019984938
0.74117647 1.3516088 0.95862011 0.030889701 0.13138427 0.019743417
0.74509804 1.3668763 0.95949044 0.030255202 0.12955557 0.019644167
0.74901961 1.3823805 0.96003104 0.029986092 0.12789642 0.019279623
0.75294118 1.3981288 0.96054096 0.029619373 0.12649015 0.019187202
0.75686275 1.4141292 0.96077994 0.029902855 0.12489324 0.018835857
0.76078431 1.4303897 0.9613615 0.029061386 0.12329843 0.018552903
0.76470588 1.446919 0.96212461 0.028402984 0.12174487 0.018231618
0.76862745 1.4637261 0.96282476 0.028005808 0.12016963 0.018045275
0.77254902 1.4808205 0.96401698 0.026953165 0.11841506 0.017658198
0.77647059 1.4982123 0.96483213 0.026621677 0.11685217 0.017634623
0.78039216 1.5159119 0.96594004 0.025515284 0.11530996 0.017431259
0.78431373 1.5339304 0.96634229 0.025062546 0.1140319 0.017226524
0.78823529 1.5522795 0.96711876 0.024131671 0.11228823 0.01701103
0.79215686 1.5709716 0.9675682 0.023793295 0.11067092 0.016636941
0.79607843 1.5900198 0.96822602 0.023083953 0.10890631 0.016414822
0.8 1.6094379 0.9695742 0.021809751 0.10714149 0.016222784
0.80392157 1.6292405 0.97073402 0.020791939 0.1054611 0.015786972
0.80784314 1.6494432 0.97073645 0.020845606 0.10351744 0.015351211
0.81176471 1.6700625 0.97183818 0.020013814 0.1017624 0.015108505
0.81568627 1.6911159 0.97270103 0.019533671 0.10002918 0.014848716
0.81960784 1.7126221 0.97318129 0.019044448 0.098253492 0.014553174
0.82352941 1.7346011 0.97389522 0.018610371 0.096330593 0.014562126
0.82745098 1.7570739 0.97458504 0.018556703 0.094871852 0.014594574
0.83137255 1.7800634 0.97554465 0.017907565 0.093001062 0.014618897
0.83529412 1.8035939 0.97631981 0.017593331 0.09123712 0.014618548
0.83921569 1.8276915 0.97724919 0.017425574 0.089526358 0.014592208
0.84313725 1.8523841 0.97846762 0.016823368 0.087582693 0.014653523
0.84705882 1.8777019 0.97877933 0.016860376 0.085765015 0.014376123
0.85098039 1.9036774 0.97966697 0.016744071 0.08398919 0.014286535
0.85490196 1.9303456 0.97964453 0.016952278 0.0821084 0.014185628
0.85882353 1.9577446 0.9802376 0.017079105 0.08025776 0.014123521
0.8627451 1.9859155 0.98088192 0.016903027 0.078438623 0.014363703
0.86666667 2.014903 0.98174649 0.016573632 0.07687498 0.014074794
0.87058824 2.044756 0.98258317 0.015939793 0.075025346 0.013659563
0.8745098 2.0755276 0.98264983 0.01608092 0.073080599 0.013396809
0.87843137 2.1072763 0.98295882 0.015869802 0.071115443 0.013368669
0.88235294 2.1400662 0.98305103 0.015605024 0.06912821 0.013203556
0.88627451 2.1739677 0.98381136 0.014796042 0.067395566 0.013208842
0.89019608 2.209059 0.98438543 0.014257922 0.065557611 0.013213937
0.89411765 2.2454267 0.98459125 0.013873648 0.063622337 0.013152112
0.89803922 2.283167 0.98489975 0.013395935 0.061709838 0.012926408
0.90196078 2.3223877 0.98539843 0.01267977 0.0598084 0.013048265
0.90588235 2.3632097 0.9858906 0.012534986 0.058021686 0.012903395
0.90980392 2.4057693 0.98595387 0.012602075 0.056088389 0.012728963
0.91372549 2.4502211 0.98724147 0.011675052 0.054155224 0.012745814
0.91764706 2.4967411 0.98793948 0.011075174 0.052306599 0.012705747
0.92156863 2.5455313 0.98835361 0.010849324 0.050194446 0.012589141
0.9254902 2.5968246 0.98826744 0.010838356 0.048451612 0.012434562
0.92941176 2.6508918 0.98859325 0.010840994 0.046403021 0.012410005
0.93333333 2.7080502 0.98824219 0.011114921 0.044354032 0.012153082
0.9372549 2.7686748 0.98821506 0.011547191 0.041978014 0.012070046
0.94117647 2.8332133 0.9880093 0.011636602 0.039980683 0.011832101
0.94509804 2.9022062 0.9890193 0.011673809 0.037962297 0.011652453
0.94901961 2.9763142 0.9908705 0.011275192 0.035628243 0.011639693
0.95294118 3.0563569 0.99080328 0.011381548 0.03357873 0.011451694
0.95686275 3.1433683 0.99170749 0.010157147 0.031084559 0.011079484
0.96078431 3.2386785 0.99257209 0.0091460949 0.028548881 0.01055902
0.96470588 3.344039 0.9924499 0.0093421834 0.026075608 0.010049698
0.96862745 3.461822 0.99459011 0.0078025823 0.023686806 0.0096580662
0.97254902 3.5953534 0.99443538 0.0077473286 0.021170086 0.0091676188
0.97647059 3.7495041 0.99406177 0.0080934633 0.018726083 0.0085283067
0.98039216 3.9318256 0.99385527 0.0091279983 0.016347181 0.0081803951
0.98431373 4.1549692 0.99397089 0.0099599414 0.013609712 0.0078028957
0.98823529 4.4426513 0.99798995 0.0040201005 0.010861822 0.0071720605
0.99215686 4.8481164 0.99652174 0.0069565217 0.0072216347 0.0056846321
0.99607843 5.5412635 0.99677419 0.0064516129 0.0040436301 0.0038693648
1 inf 1 0 0 0
