zeta log_threshold precision_mean precision_std recall_mean recall_std
0 0 0.188196 0.0013653219 1 0
0.0039215686 0.0039292781 0.26569685 0.0020436999 1 0
0.0078431373 0.0078740564 0.27459809 0.0020225776 1 0
0.011764706 0.011834458 0.28032364 0.0020739294 1 0
0.015686275 0.015810606 0.28448225 0.0020926953 1 0
0.019607843 0.019802627 0.28795787 0.0020537836 1 0
0.023529412 0.023810649 0.29082356 0.0020593861 1 0
0.02745098 0.027834799 0.29328359 0.0020674865 1 0
0.031372549 0.031875209 0.29543445 0.0020677146 1 0
0.035294118 0.035932009 0.29746097 0.0020641721 1 0
0.039215686 0.040005335 0.29921401 0.0019835767 1 0
0.043137255 0.04409532 0.30079949 0.0019239735 1 0
0.047058824 0.048202102 0.30234011 0.0019571307 1 0
0.050980392 0.052325819 0.30380887 0.0018918965 1 0
0.054901961 0.056466612 0.30518169 0.0019415686 1 0
0.058823529 0.060624622 0.30643618 0.0019753882 1 0
0.062745098 0.064799993 0.30768672 0.0019883931 1 0
0.066666667 0.068992871 0.30882684 0.0020032284 1 0
0.070588235 0.073203404 0.30993547 0.0019743689 1 0
0.074509804 0.07743174 0.31092047 0.0019432287 1 0
0.078431373 0.081678031 0.3119088 0.0019310196 1 0
0.082352941 0.08594243 0.31285449 0.0019201537 1 0
0.08627451 0.090225092 0.3137768 0.0019278031 1 0
0.090196078 0.094526173 0.31460461 0.0019454336 1 0
0.094117647 0.098845835 0.31544013 0.0019997548 1 0
0.098039216 0.10318424 0.31628217 0.0019960919 1 0
0.10196078 0.10754154 0.31703968 0.0019914316 1 0
0.10588235 0.11191792 0.31782906 0.0020150963 1 0
0.10980392 0.11631353 0.31865551 0.0020014933 1 0
0.11372549 0.12072855 0.31941699 0.001977863 1 0
0.11764706 0.12516314 0.32016338 0.0019330603 1 0
0.12156863 0.12961749 0.32089256 0.0019321552 1 0
0.1254902 0.13409177 0.32154714 0.0019307028 1 0
0.12941176 0.13858616 0.32225069 0.0019402455 1 0
0.13333333 0.14310084 0.32293091 0.0019521729 1 0
0.1372549 0.147636 0.32355946 0.0019608309 1 0
0.14117647 0.15219182 0.32416914 0.0019628701 1 0
0.14509804 0.15676848 0.32480007 0.0019285417 1 0
0.14901961 0.16136619 0.32540582 0.0019923722 1 0
0.15294118 0.16598514 0.32599313 0.0019987216 1 0
0.15686275 0.17062552 0.32655759 0.0019857287 1 0
0.16078431 0.17528753 0.32710617 0.0020260338 1 0
0.16470588 0.17997138 0.3276622 0.0020627961 1 0
0.16862745 0.18467727 0.32818679 0.0020949625 1 0
0.17254902 0.18940541 0.32875215 0.0021185255 1 0
0.17647059 0.19415601 0.32930009 0.0021567125 1 0
0.18039216 0.19892929 0.32983684 0.0021556887 1 0
0.18431373 0.20372547 0.33037302 0.0021502046 1 0
0.18823529 0.20854475 0.33082499 0.002174064 1 0
0.19215686 0.21338738 0.33128849 0.0021642535 1 0
0.19607843 0.21825357 0.33182196 0.0021028155 1 0
0.2 0.22314355 0.33230709 0.0021055665 1 0
0.20392157 0.22805757 0.33277129 0.0021163266 1 0
0.20784314 0.23299585 0.33324036 0.0021204623 1 0
0.21176471 0.23795864 0.33371078 0.0021350947 1 0
0.21568627 0.24294618 0.33417767 0.0021347845 1 0
0.21960784 0.24795872 0.33463999 0.0021448773 1 0
0.22352941 0.25299651 0.3351274 0.0021600763 1 0
0.22745098 0.25805982 0.33557061 0.0021274229 1 0
0.23137255 0.26314889 0.33598627 0.0021127738 1 0
0.23529412 0.26826399 0.33641161 0.0021570957 1 0
0.23921569 0.27340539 0.33682813 0.0021387449 1 0
0.24313725 0.27857336 0.33724223 0.002148682 1 0
0.24705882 0.28376817 0.33767056 0.0021443766 1 0
0.25098039 0.28899012 0.33811319 0.0021105614 1 0
0.25490196 0.29423947 0.33853293 0.0021294947 1 0
0.25882353 0.29951653 0.33895222 0.0020988556 1 0
0.2627451 0.30482158 0.33935309 0.0021002731 1 0
0.26666667 0.31015493 0.33975636 0.0021410297 1 0
0.27058824 0.31551687 0.34014426 0.0021189904 1 0
0.2745098 0.32090772 0.3405331 0.0020854659 1 0
0.27843137 0.32632779 0.34092426 0.0020903173 1 0
0.28235294 0.33177739 0.3412878 0.0020938518 1 0
0.28627451 0.33725686 0.34167572 0.0021086513 1 0
0.29019608 0.34276651 0.34208424 0.0020803904 1 0
0.29411765 0.34830669 0.34243638 0.0020530424 1 0
0.29803922 0.35387774 0.34283189 0.002055965 1 0
0.30196078 0.35947999 0.34321949 0.002043194 1 0
0.30588235 0.36511381 0.34359299 0.0020629772 1 0
0.30980392 0.37077955 0.34398119 0.0020892541 1 0
0.31372549 0.37647757 0.34435627 0.0020764257 1 0
0.31764706 0.38220825 0.34473716 0.0020692717 1 0
0.32156863 0.38797195 0.34511902 0.0020866615 1 0
0.3254902 0.39376907 0.34547373 0.0020779253 1 0
0.32941176 0.39959999 0.34587644 0.0021019804 1 0
0.33333333 0.40546511 0.34622751 0.0020629373 1 0
0.3372549 0.41136483 0.3466126 0.0020490034 1 0
0.34117647 0.41729957 0.34696662 0.00205115 1 0
0.34509804 0.42326973 0.3472777 0.0020405768 1 0
0.34901961 0.42927576 0.34759208 0.0020603093 1 0
0.35294118 0.43531807 0.34790945 0.0020450088 1 0
0.35686275 0.44139712 0.34828292 0.0020625868 1 0
0.36078431 0.44751334 0.34862468 0.0020293635 1 0
0.36470588 0.45366721 0.34903462 0.0020368307 1 0
0.36862745 0.45985918 0.34937287 0.0020437903 1 0
0.37254902 0.46608973 0.34970008 0.0020539679 1 0
0.37647059 0.47235934 0.35003021 0.0019885844 1 0
0.38039216 0.47866851 0.35037549 0.0019575638 1 0
0.38431373 0.48501774 0.35068896 0.0019771368 1 0
0.38823529 0.49140754 0.35099001 0.0020132967 1 0
0.39215686 0.49783843 0.35130451 0.0020100824 1 0
0.39607843 0.50431094 0.35164705 0.001995116 1 0
0.4 0.51082562 0.35194687 0.0019809886 1 0
0.40392157 0.51738302 0.35227766 0.0020091028 1 0
0.40784314 0.52398371 0.3525958 0.0020085133 1 0
0.41176471 0.53062825 0.35289873 0.0020207931 1 0
0.41568627 0.53731724 0.35324975 0.0020193004 1 0
0.41960784 0.54405127 0.35356285 0.0019948452 1 0
0.42352941 0.55083096 0.35389117 0.0019633918 1 0
0.42745098 0.55765692 0.35419763 0.001986501 1 0
0.43137255 0.5645298 0.35453117 0.0019676657 1 0
0.43529412 0.57145025 0.35484821 0.0020016306 1 0
0.43921569 0.57841891 0.35515357 0.0020062752 1 0
0.44313725 0.58543649 0.35546366 0.0020428873 1 0
0.44705882 0.59250365 0.3558091 0.002049453 1 0
0.45098039 0.59962112 0.35612853 0.0021138504 1 0
0.45490196 0.60678961 0.35640378 0.0021394364 1 0
0.45882353 0.61400986 0.35671051 0.0021512589 1 0
0.4627451 0.62128262 0.35701356 0.0021377335 1 0
0.46666667 0.62860866 0.35729407 0.002119893 1 0
0.47058824 0.63598877 0.35761457 0.0021272175 1 0
0.4745098 0.64342375 0.35792591 0.0020993961 1 0
0.47843137 0.65091442 0.35824612 0.0020845714 1 0
0.48235294 0.65846162 0.35855874 0.0020876209 1 0
0.48627451 0.66606622 0.3588718 0.0020711284 1 0
0.49019608 0.67372909 0.35914031 0.0020875436 1 0
0.49411765 0.68145114 0.35948456 0.0020678927 1 0
0.49803922 0.68923328 0.35980213 0.0020762172 1 0
0.50196078 0.69707646 0.36008152 0.0020613158 1 0
0.50588235 0.70498164 0.36038347 0.0020468995 1 0
0.50980392 0.71294981 0.36069151 0.0020474572 1 0
0.51372549 0.72098198 0.36101807 0.0020376995 1 0
0.51764706 0.72907919 0.36131183 0.0020127147 1 0
0.52156863 0.7372425 0.361606 0.0019646941 1 0
0.5254902 0.745473 0.36192163 0.0019434676 1 0
0.52941176 0.7537718 0.36220435 0.001930425 1 0
0.53333333 0.76214005 0.36250715 0.0019327246 1 0
0.5372549 0.77057892 0.36279652 0.0019490562 1 0
0.54117647 0.77908961 0.36310869 0.0019403611 1 0
0.54509804 0.78767335 0.36341299 0.0019397931 1 0
0.54901961 0.79633142 0.36374044 0.0019810833 1 0
0.55294118 0.8050651 0.36404013 0.0019674597 1 0
0.55686275 0.81387573 0.36435303 0.0019511608 1 0
0.56078431 0.82276467 0.36469476 0.0019521877 1 0
0.56470588 0.83173334 0.36500451 0.0019242058 1 0
0.56862745 0.84078318 0.36533748 0.001907358 1 0
0.57254902 0.84991566 0.36566826 0.0018959243 1 0
0.57647059 0.85913232 0.36595844 0.0019150315 1 0
0.58039216 0.86843471 0.3662347 0.0018910842 1 0
0.58431373 0.87782445 0.36655997 0.0018802817 1 0
0.58823529 0.8873032 0.3668644 0.0018812694 1 0
0.59215686 0.89687265 0.36716933 0.0019043122 1 0
0.59607843 0.90653456 0.36750905 0.0018804678 1 0
0.6 0.91629073 0.36778916 0.0018854452 1 0
0.60392157 0.92614303 0.36810848 0.0018633801 1 0
0.60784314 0.93609336 0.36839395 0.0019039379 1 0
0.61176471 0.9461437 0.36868698 0.0019091644 1 0
0.61568627 0.95629607 0.36901528 0.0019394909 1 0
0.61960784 0.96655257 0.3693005 0.0019126338 1 0
0.62352941 0.97691535 0.36963564 0.0019218248 1 0
0.62745098 0.98738665 0.36995829 0.0019315138 1 0
0.63137255 0.99796876 0.37026404 0.0019416726 1 0
0.63529412 1.0086641 0.37057319 0.0019407296 1 0
0.63921569 1.019475 0.37086832 0.0019809877 1 0
0.64313725 1.030404 0.37118441 0.0020003426 1 0
0.64705882 1.0414539 0.37150387 0.0019930401 1 0
0.65098039 1.0526272 0.37182243 0.0019991775 1 0
0.65490196 1.0639267 0.37215182 0.0019945632 1 0
0.65882353 1.0753554 0.3724804 0.0020163047 1 0
0.6627451 1.0869162 0.37278739 0.0020397901 1 0
0.66666667 1.0986123 0.37310671 0.0020561887 1 0
0.67058824 1.1104467 0.37342511 0.0020636629 1 0
0.6745098 1.1224229 0.37372906 0.0020451395 1 0
0.67843137 1.1345443 0.37406181 0.0020319368 1 0
0.68235294 1.1468144 0.37439079 0.0020530588 1 0
0.68627451 1.1592369 0.37471135 0.0020543918 1 0
0.69019608 1.1718157 0.37507424 0.0020441573 1 0
0.69411765 1.1845547 0.37540207 0.0020811442 1 0
0.69803922 1.1974581 0.37571674 0.0020583782 1 0
0.70196078 1.2105302 0.37602747 0.0020514711 1 0
0.70588235 1.2237754 0.37633573 0.0020380932 1 0
0.70980392 1.2371985 0.37665811 0.0020396786 1 0
0.71372549 1.2508041 0.37701574 0.0020274137 1 0
0.71764706 1.2645974 0.37733934 0.0020451698 1 0
0.72156863 1.2785837 0.3777134 0.0020375159 1 0
0.7254902 1.2927683 0.37806402 0.0020417788 1 0
0.72941176 1.307157 0.37836193 0.0020281729 1 0
0.73333333 1.3217558 0.37867246 0.0020061773 1 0
0.7372549 1.3365709 0.37902168 0.0020024509 1 0
0.74117647 1.3516088 0.37936394 0.0019950267 1 0
0.74509804 1.3668763 0.37971602 0.0019896994 1 0
0.74901961 1.3823805 0.38008419 0.0020101776 1 0
0.75294118 1.3981288 0.38047768 0.0020280212 1 0
0.75686275 1.4141292 0.38085344 0.0020179926 1 0
0.76078431 1.4303897 0.38117894 0.002016382 1 0
0.76470588 1.446919 0.38155779 0.0020557563 1 0
0.76862745 1.4637261 0.38193398 0.0020228978 1 0
0.77254902 1.4808205 0.38228001 0.0020261573 1 0
0.77647059 1.4982123 0.38264063 0.0020284584 1 0
0.78039216 1.5159119 0.38301445 0.0020307094 1 0
0.78431373 1.5339304 0.3833857 0.0019795218 1 0
0.78823529 1.5522795 0.38376252 0.0019808026 1 0
0.79215686 1.5709716 0.38419046 0.0020352725 1 0
0.79607843 1.5900198 0.3845423 0.0020812301 1 0
0.8 1.6094379 0.38492772 0.0020812296 1 0
0.80392157 1.6292405 0.38526973 0.002074926 1 0
0.80784314 1.6494432 0.38567395 0.0020554914 1 0
0.81176471 1.6700625 0.38610263 0.0020152849 1 0
0.81568627 1.6911159 0.38649132 0.0020481547 1 0
0.81960784 1.7126221 0.38688701 0.0020624197 1 0
0.82352941 1.7346011 0.38730438 0.0020999853 1 0
0.82745098 1.7570739 0.38775125 0.0021069611 1 0
0.83137255 1.7800634 0.38819606 0.0021240027 1 0
0.83529412 1.8035939 0.38866581 0.0021301999 1 0
0.83921569 1.8276915 0.38909492 0.0021498196 1 0
0.84313725 1.8523841 0.38952808 0.0021199767 1 0
0.84705882 1.8777019 0.38998647 0.002096697 1 0
0.85098039 1.9036774 0.39045409 0.0020829064 1 0
0.85490196 1.9303456 0.39090019 0.0020963818 1 0
0.85882353 1.9577446 0.39132436 0.0020462027 1 0
0.8627451 1.9859155 0.3918149 0.0020661883 1 0
0.86666667 2.014903 0.39233461 0.0021190556 1 0
0.87058824 2.044756 0.39283262 0.0021422042 1 0
0.8745098 2.0755276 0.39333183 0.0021456751 1 0
0.87843137 2.1072763 0.39379787 0.0021837516 1 0
0.88235294 2.1400662 0.39427145 0.00219001 1 0
0.88627451 2.1739677 0.39482394 0.0021871023 1 0
0.89019608 2.209059 0.39540623 0.0021734339 1 0
0.89411765 2.2454267 0.39593863 0.0021528935 1 0
0.89803922 2.283167 0.39648756 0.0021778453 1 0
0.90196078 2.3223877 0.39704985 0.0022290039 1 0
0.90588235 2.3632097 0.39766896 0.0022015059 1 0
0.90980392 2.4057693 0.39831215 0.0022485216 1 0
0.91372549 2.4502211 0.39898781 0.002261539 1 0
0.91764706 2.4967411 0.39960774 0.0022243597 1 0
0.92156863 2.5455313 0.40030293 0.0022295825 1 0
0.9254902 2.5968246 0.40105592 0.0023614593 1 0
0.92941176 2.6508918 0.40174411 0.0023171786 1 0
0.93333333 2.7080502 0.40253499 0.0023633831 1 0
0.9372549 2.7686748 0.40329393 0.002339998 1 0
0.94117647 2.8332133 0.40414415 0.0022922728 1 0
0.94509804 2.9022062 0.40505237 0.002333607 1 0
0.94901961 2.9763142 0.4060098 0.0022833342 1 0
0.95294118 3.0563569 0.40696847 0.0022828027 1 0
0.95686275 3.1433683 0.40801301 0.0022677071 1 0
0.96078431 3.2386785 0.40913609 0.0023173946 1 0
0.96470588 3.344039 0.41037425 0.0022837627 1 0
0.96862745 3.461822 0.41178066 0.0023504084 1 0
0.97254902 3.5953534 0.41332371 0.0023924387 1 0
0.97647059 3.7495041 0.41495551 0.0025083976 1 0
0.98039216 3.9318256 0.4168471 0.0025231819 1 0
0.98431373 4.1549692 0.41884013 0.00257597 1 0
0.98823529 4.4426513 0.42145284 0.0024970391 1 0
0.99215686 4.8481164 0.42520274 0.0025566884 1 0
0.99607843 5.5412635 0.43094294 0.0024958341 1 0
1 inf 1 0 0 0
