zeta log_threshold precision_mean precision_std recall_mean recall_std
0 0 0.189224 0.001066257 1 0
0.0039215686 0.0039292781 0.40972148 0.013658278 1 0
0.0078431373 0.0078740564 0.43014939 0.014409519 1 0
0.011764706 0.011834458 0.44346781 0.014972708 1 0
0.015686275 0.015810606 0.4535252 0.015174705 1 0
0.019607843 0.019802627 0.46151622 0.015426292 1 0
0.023529412 0.023810649 0.46846433 0.015441798 0.99998944 2.111598e-05
0.02745098 0.027834799 0.47453315 0.015890035 0.99993665 0.00012669588
0.031372549 0.031875209 0.48013413 0.016104088 0.99990498 0.00019004382
0.035294118 0.035932009 0.48509866 0.01616786 0.9998733 0.00025339175
0.039215686 0.040005335 0.48970273 0.016293164 0.99986275 0.00027450773
0.043137255 0.04409532 0.49392646 0.016282885 0.99978884 0.00042231959
0.047058824 0.048202102 0.49784818 0.016367852 0.99973605 0.00052789949
0.050980392 0.052325819 0.50169715 0.016516649 0.99969382 0.00061236341
0.054901961 0.056466612 0.50524842 0.016592816 0.9996727 0.00065459537
0.058823529 0.060624622 0.50852343 0.016629218 0.99961991 0.00076017526
0.062745098 0.064799993 0.51181161 0.016675058 0.99957768 0.00084463918
0.066666667 0.068992871 0.51477862 0.016833684 0.99952489 0.00095021908
0.070588235 0.073203404 0.51757169 0.016809613 0.9994721 0.001055799
0.074509804 0.07743174 0.52052758 0.016957655 0.99945098 0.0010980309
0.078431373 0.081678031 0.52332862 0.017053519 0.99938764 0.0012247268
0.082352941 0.08594243 0.52595248 0.017039612 0.9993454 0.0013091907
0.08627451 0.090225092 0.52854412 0.017143425 0.99922927 0.0015414665
0.090196078 0.094526173 0.53117046 0.01701484 0.99917648 0.0016470464
0.094117647 0.098845835 0.53350244 0.017078158 0.99908145 0.0018370902
0.098039216 0.10318424 0.53587236 0.017251623 0.99904978 0.0019004382
0.10196078 0.10754154 0.53807754 0.017204226 0.99902866 0.0019426701
0.10588235 0.11191792 0.5403137 0.017325998 0.99895476 0.002090482
0.10980392 0.11631353 0.54251443 0.017351244 0.99890197 0.0021960619
0.11372549 0.12072855 0.54456074 0.01745078 0.99888085 0.0022382938
0.11764706 0.12516314 0.5466447 0.01756992 0.99885974 0.0022805258
0.12156863 0.12961749 0.54865025 0.017548458 0.99880695 0.0023861057
0.1254902 0.13409177 0.55082111 0.017624362 0.99876472 0.0024705696
0.12941176 0.13858616 0.55273388 0.017681475 0.99871193 0.0025761495
0.13333333 0.14310084 0.55482344 0.017726696 0.99863802 0.0027239614
0.1372549 0.147636 0.55656078 0.017846707 0.99856411 0.0028717732
0.14117647 0.15219182 0.55840013 0.01780323 0.99849021 0.0030195851
0.14509804 0.15676848 0.5600627 0.017698627 0.99842686 0.0031462809
0.14901961 0.16136619 0.5618534 0.0176069 0.99839519 0.0032096289
0.15294118 0.16598514 0.56367035 0.017613206 0.9983424 0.0033152088
0.15686275 0.17062552 0.5653713 0.017673971 0.99832128 0.0033574407
0.16078431 0.17528753 0.56706593 0.017547233 0.99825793 0.0034841366
0.16470588 0.17997138 0.56866567 0.017604857 0.99816291 0.0036741804
0.16862745 0.18467727 0.57038804 0.01761294 0.99811012 0.0037797603
0.17254902 0.18940541 0.57188749 0.017698059 0.99805733 0.0038853402
0.17647059 0.19415601 0.57353142 0.017846515 0.99802566 0.0039486882
0.18039216 0.19892929 0.57512508 0.01782487 0.99797287 0.0040542681
0.18431373 0.20372547 0.57669131 0.017713719 0.99796231 0.004075384
0.18823529 0.20854475 0.57826356 0.017715183 0.9978884 0.0042231959
0.19215686 0.21338738 0.57981728 0.017669873 0.99786729 0.0042654279
0.19607843 0.21825357 0.58148054 0.017640563 0.9978145 0.0043710078
0.2 0.22314355 0.582965 0.017565152 0.99775115 0.0044977036
0.20392157 0.22805757 0.58450199 0.017648736 0.99767724 0.0046455155
0.20784314 0.23299585 0.58595559 0.017642589 0.99761389 0.0047722114
0.21176471 0.23795864 0.58746379 0.017582853 0.99759278 0.0048144433
0.21568627 0.24294618 0.58890964 0.017610542 0.9975611 0.0048777913
0.21960784 0.24795872 0.59025753 0.017742502 0.9974872 0.0050256031
0.22352941 0.25299651 0.59182334 0.017707542 0.99743441 0.005131183
0.22745098 0.25805982 0.59323485 0.01762041 0.99738162 0.0052367629
0.23137255 0.26314889 0.59475104 0.017553669 0.99732883 0.0053423428
0.23529412 0.26826399 0.59614237 0.017723433 0.99726548 0.0054690387
0.23921569 0.27340539 0.59757628 0.017846206 0.99722325 0.0055535026
0.24313725 0.27857336 0.59913129 0.017786334 0.99714934 0.0057013145
0.24705882 0.28376817 0.60057975 0.017956112 0.99711767 0.0057646624
0.25098039 0.28899012 0.60204437 0.018100106 0.99709655 0.0058068944
0.25490196 0.29423947 0.60338987 0.018236503 0.99704376 0.0059124743
0.25882353 0.29951653 0.60481017 0.018350419 0.99701209 0.0059758222
0.2627451 0.30482158 0.60611357 0.018387279 0.99696986 0.0060602861
0.26666667 0.31015493 0.60746035 0.018332559 0.99692762 0.00614475
0.27058824 0.31551687 0.60876898 0.018409687 0.99686428 0.0062714459
0.2745098 0.32090772 0.61012402 0.018465102 0.99681149 0.0063770258
0.27843137 0.32632779 0.61140496 0.018448924 0.99677981 0.0064403738
0.28235294 0.33177739 0.61263346 0.018441089 0.99674814 0.0065037217
0.28627451 0.33725686 0.61393763 0.018482875 0.99664256 0.0067148815
0.29019608 0.34276651 0.61518867 0.01848448 0.99661089 0.0067782294
0.29411765 0.34830669 0.61636975 0.018390005 0.99656865 0.0068626933
0.29803922 0.35387774 0.61760193 0.018413611 0.99652642 0.0069471573
0.30196078 0.35947999 0.61890256 0.018465794 0.99650531 0.0069893892
0.30588235 0.36511381 0.62020238 0.018402367 0.99645252 0.0070949691
0.30980392 0.37077955 0.62151175 0.018456517 0.99639973 0.007200549
0.31372549 0.37647757 0.62270034 0.018383843 0.99631526 0.0073694769
0.31764706 0.38220825 0.62388844 0.018439338 0.99626247 0.0074750567
0.32156863 0.38797195 0.62502331 0.018347877 0.99615689 0.0076862165
0.3254902 0.39376907 0.62633886 0.018418157 0.9961041 0.0077917964
0.32941176 0.39959999 0.62757795 0.018383987 0.99605131 0.0078973763
0.33333333 0.40546511 0.6287322 0.018333057 0.99595629 0.0080874202
0.3372549 0.41136483 0.6298433 0.018422543 0.99589294 0.008214116
0.34117647 0.41729957 0.63107878 0.018438857 0.99584015 0.0083196959
0.34509804 0.42326973 0.63220113 0.018429203 0.9957768 0.0084463918
0.34901961 0.42927576 0.63344501 0.018429613 0.99574513 0.0085097397
0.35294118 0.43531807 0.63470454 0.018459407 0.99565011 0.0086997836
0.35686275 0.44139712 0.6359195 0.018379076 0.99556564 0.0088687114
0.36078431 0.44751334 0.63718045 0.018239524 0.99552341 0.0089531753
0.36470588 0.45366721 0.63836834 0.018153066 0.9955023 0.0089954073
0.36862745 0.45985918 0.63955211 0.018008482 0.99543895 0.0091221032
0.37254902 0.46608973 0.64069586 0.017876047 0.99538616 0.009227683
0.37647059 0.47235934 0.64181551 0.017884275 0.99536504 0.009269915
0.38039216 0.47866851 0.64294739 0.017826991 0.99525946 0.0094810748
0.38431373 0.48501774 0.6441376 0.017867147 0.99521723 0.0095655387
0.38823529 0.49140754 0.64527273 0.017822898 0.99516444 0.0096711186
0.39215686 0.49783843 0.6464631 0.017714472 0.99512221 0.0097555825
0.39607843 0.50431094 0.64770297 0.017674367 0.99507998 0.0098400465
0.4 0.51082562 0.64890697 0.017653051 0.99500607 0.0099878583
0.40392157 0.51738302 0.6500669 0.01775633 0.99494272 0.010114554
0.40784314 0.52398371 0.6511363 0.017802642 0.9948477 0.010304598
0.41176471 0.53062825 0.65228283 0.017851794 0.99482659 0.01034683
0.41568627 0.53731724 0.65331384 0.017787812 0.99476324 0.010473526
0.41960784 0.54405127 0.65449663 0.017696558 0.99472101 0.01055799
0.42352941 0.55083096 0.6556233 0.01760751 0.99466822 0.01066357
0.42745098 0.55765692 0.6569149 0.017604192 0.99462598 0.010748034
0.43137255 0.5645298 0.65807658 0.017591745 0.99457319 0.010853613
0.43529412 0.57145025 0.65934162 0.017578011 0.99450985 0.010980309
0.43921569 0.57841891 0.6604963 0.017655933 0.9944465 0.011107005
0.44313725 0.58543649 0.6616438 0.017642933 0.9944465 0.011107005
0.44705882 0.59250365 0.66281674 0.017691809 0.99439371 0.011212585
0.45098039 0.59962112 0.6639131 0.017665801 0.99430924 0.011381513
0.45490196 0.60678961 0.66517394 0.017628963 0.99425645 0.011487093
0.45882353 0.61400986 0.66634572 0.017649951 0.99414032 0.011719369
0.4627451 0.62128262 0.66741622 0.0177891 0.99409808 0.011803833
0.46666667 0.62860866 0.6685795 0.017902299 0.99403474 0.011930528
0.47058824 0.63598877 0.66966483 0.017831119 0.99397139 0.012057224
0.4745098 0.64342375 0.67093088 0.01778913 0.99392916 0.012141688
0.47843137 0.65091442 0.67196315 0.017806347 0.99387637 0.012247268
0.48235294 0.65846162 0.67315596 0.017763976 0.99387637 0.012247268
0.48627451 0.66606622 0.6744518 0.017662994 0.99383413 0.012331732
0.49019608 0.67372909 0.67564984 0.017617073 0.99374967 0.01250066
0.49411765 0.68145114 0.67694681 0.017694199 0.99370744 0.012585124
0.49803922 0.68923328 0.67813166 0.017727608 0.99365465 0.012690704
0.50196078 0.69707646 0.67939945 0.017647139 0.99361242 0.012775168
0.50588235 0.70498164 0.68068217 0.017550949 0.99352795 0.012944095
0.50980392 0.71294981 0.68175344 0.017683331 0.99347516 0.013049675
0.51372549 0.72098198 0.682816 0.017704865 0.99342237 0.013155255
0.51764706 0.72907919 0.68395488 0.017644586 0.99335902 0.013281951
0.52156863 0.7372425 0.68504708 0.017633785 0.99327456 0.013450879
0.5254902 0.745473 0.68622752 0.017568473 0.99323238 0.013508988
0.52941176 0.7537718 0.68729494 0.017506379 0.9932007 0.013572336
0.53333333 0.76214005 0.68835746 0.017491624 0.99314791 0.013677916
0.5372549 0.77057892 0.68951329 0.017479056 0.99311624 0.013741264
0.54117647 0.77908961 0.69086134 0.017528941 0.99303178 0.013910191
0.54509804 0.78767335 0.69220955 0.01741013 0.9930001 0.013973539
0.54901961 0.79633142 0.69329587 0.017359737 0.99291574 0.014089844
0.55294118 0.8050651 0.69451095 0.017384356 0.99282077 0.014253618
0.55686275 0.81387573 0.69587387 0.017310491 0.99277853 0.014338081
0.56078431 0.82276467 0.69714107 0.017277536 0.99270463 0.01448589
0.56470588 0.83173334 0.69839214 0.017267855 0.99262021 0.014628573
0.56862745 0.84078318 0.69975164 0.017090432 0.99253575 0.014797497
0.57254902 0.84991566 0.70090337 0.016975518 0.99244073 0.014987537
0.57647059 0.85913232 0.70200916 0.017009668 0.9923352 0.015172472
0.58039216 0.86843471 0.70318633 0.016913031 0.99227185 0.015299164
0.58431373 0.87782445 0.70437382 0.016910417 0.99222962 0.015383625
0.58823529 0.8873032 0.70562079 0.016771386 0.99216632 0.015484122
0.59215686 0.89687265 0.70687417 0.016687956 0.99212409 0.015568582
0.59607843 0.90653456 0.70817031 0.016645388 0.9920713 0.015674158
0.6 0.91629073 0.70937919 0.016730904 0.99200795 0.015800848
0.60392157 0.92614303 0.71063369 0.016526849 0.99188131 0.016028055
0.60784314 0.93609336 0.71205661 0.016377965 0.99179689 0.016170823
0.61176471 0.9461437 0.71333456 0.016292678 0.99170192 0.016334727
0.61568627 0.95629607 0.71462826 0.016197145 0.99162801 0.016482528
0.61960784 0.96655257 0.71594457 0.016139229 0.99155421 0.016578142
0.62352941 0.97691535 0.71742494 0.016076403 0.99151203 0.016636541
0.62745098 0.98738665 0.71882039 0.016121867 0.99148035 0.016699881
0.63137255 0.99796876 0.72006133 0.016103398 0.99143812 0.016784334
0.63529412 1.0086641 0.72136182 0.016172404 0.99135361 0.01692673
0.63921569 1.019475 0.72261062 0.016041811 0.99131142 0.016985138
0.64313725 1.030404 0.72398904 0.015941578 0.99123752 0.01713293
0.64705882 1.0414539 0.72528992 0.015962992 0.99113172 0.017238418
0.65098039 1.0526272 0.72645819 0.015990102 0.99104746 0.017303356
0.65490196 1.0639267 0.72784198 0.015809329 0.99095238 0.017440867
0.65882353 1.0753554 0.72930015 0.015837649 0.99087853 0.017562724
0.6627451 1.0869162 0.73074824 0.015730923 0.99082574 0.017668277
0.66666667 1.0986123 0.73211274 0.015715308 0.99073071 0.017858274
0.67058824 1.1104467 0.73343823 0.01558247 0.99065686 0.017980142
0.6745098 1.1224229 0.73479466 0.015592575 0.99055133 0.018165358
0.67843137 1.1345443 0.73603717 0.015639021 0.9904458 0.018350587
0.68235294 1.1468144 0.7372672 0.015557928 0.99037189 0.018498353
0.68627451 1.1592369 0.73861616 0.015540555 0.99024525 0.018725811
0.69019608 1.1718157 0.74004261 0.015477286 0.99017139 0.018847003
0.69411765 1.1845547 0.74150573 0.015494527 0.99008702 0.018964202
0.69803922 1.1974581 0.74299517 0.01557707 0.99000261 0.019107261
0.70196078 1.2105302 0.74441073 0.015540545 0.98989702 0.019240181
0.70588235 1.2237754 0.74583794 0.015446786 0.98975956 0.019461441
0.70980392 1.2371985 0.74733185 0.015418048 0.98960107 0.019621038
0.71372549 1.2508041 0.74879669 0.015391131 0.98948499 0.019827463
0.71764706 1.2645974 0.75030096 0.015405079 0.98939005 0.019887096
0.72156863 1.2785837 0.75171421 0.015221954 0.98930564 0.020030251
0.7254902 1.2927683 0.75303033 0.01522648 0.98917894 0.020177831
0.72941176 1.307157 0.75440987 0.015213712 0.98903107 0.020420077
0.73333333 1.3217558 0.7559052 0.015192072 0.9888727 0.020631008
0.7372549 1.3365709 0.75739677 0.015158686 0.98873528 0.020825613
0.74117647 1.3516088 0.7590884 0.015036196 0.9886297 0.020931952
0.74509804 1.3668763 0.76059162 0.014893058 0.98848193 0.021148444
0.74901961 1.3823805 0.76219317 0.014818866 0.98838664 0.02117969
0.75294118 1.3981288 0.76384494 0.014747123 0.98824922 0.021375272
0.75686275 1.4141292 0.76556184 0.014855292 0.98811206 0.021519339
0.76078431 1.4303897 0.7671047 0.01469372 0.9879325 0.021668224
0.76470588 1.446919 0.76859959 0.014597197 0.98779534 0.021812476
0.76862745 1.4637261 0.7705103 0.014545064 0.98770031 0.021923607
0.77254902 1.4808205 0.77229022 0.014494181 0.98748914 0.022267933
0.77647059 1.4982123 0.77390942 0.014250174 0.98724591 0.02248756
0.78039216 1.5159119 0.77551944 0.014011944 0.98706636 0.02271454
0.78431373 1.5339304 0.77729693 0.014012645 0.98689741 0.02289302
0.78823529 1.5522795 0.77911836 0.013930207 0.98673902 0.023052258
0.79215686 1.5709716 0.78096316 0.013903863 0.98666515 0.023094815
0.79607843 1.5900198 0.7828186 0.013765113 0.98646443 0.023232033
0.8 1.6094379 0.78442012 0.01373882 0.98625325 0.023444217
0.80392157 1.6292405 0.78632573 0.013505239 0.98594651 0.0236068
0.80784314 1.6494432 0.78796733 0.013341268 0.98576648 0.023702086
0.81176471 1.6700625 0.7898204 0.013111 0.98553408 0.023931031
0.81568627 1.6911159 0.79165763 0.012959605 0.98522772 0.024120031
0.81960784 1.7126221 0.79365389 0.012943642 0.98503766 0.024290872
0.82352941 1.7346011 0.79555575 0.013005456 0.98480546 0.0244701
0.82745098 1.7570739 0.79760504 0.012853957 0.98460458 0.024582882
0.83137255 1.7800634 0.79945383 0.012969295 0.98429839 0.02495939
0.83529412 1.8035939 0.80144887 0.01262086 0.98388657 0.025126778
0.83921569 1.8276915 0.80356453 0.012701823 0.98360152 0.025352736
0.84313725 1.8523841 0.80558898 0.012608557 0.98323226 0.025512659
0.84705882 1.8777019 0.80757907 0.012692788 0.98284138 0.025608315
0.85098039 1.9036774 0.8097579 0.012343309 0.98248303 0.025858578
0.85490196 1.9303456 0.81187612 0.012265535 0.98199693 0.025965611
0.85882353 1.9577446 0.81389655 0.012341793 0.9816698 0.026066944
0.8627451 1.9859155 0.81609214 0.012330411 0.98120518 0.026267049
0.86666667 2.014903 0.81833039 0.012285281 0.98080411 0.026381599
0.87058824 2.044756 0.82045077 0.012011671 0.98042382 0.026483551
0.8745098 2.0755276 0.82266238 0.011874476 0.97988608 0.026687464
0.87843137 2.1072763 0.82506923 0.011720719 0.97933719 0.026821314
0.88235294 2.1400662 0.82725367 0.011705491 0.9789251 0.026961238
0.88627451 2.1739677 0.82949589 0.011485512 0.97839714 0.02721012
0.89019608 2.209059 0.83206164 0.011295489 0.97763661 0.027539659
0.89411765 2.2454267 0.83441185 0.011303591 0.97701298 0.027624421
0.89803922 2.283167 0.83696219 0.01119551 0.97614503 0.027719614
0.90196078 2.3223877 0.83962731 0.011014156 0.97522489 0.02785424
0.90588235 2.3632097 0.84232687 0.01100794 0.97395449 0.028010434
0.90980392 2.4057693 0.84487479 0.010605379 0.97274649 0.027999521
0.91372549 2.4502211 0.84787189 0.010123518 0.97161384 0.028132785
0.91764706 2.4967411 0.85068068 0.0097354476 0.97026854 0.028159862
0.92156863 2.5455313 0.8535718 0.0095630112 0.96892416 0.028034175
0.9254902 2.5968246 0.8565085 0.0095962569 0.96716702 0.027978064
0.92941176 2.6508918 0.85969621 0.0094954388 0.96554637 0.027708528
0.93333333 2.7080502 0.86279212 0.0094182885 0.96359816 0.027758907
0.9372549 2.7686748 0.86604049 0.0093677191 0.96157719 0.027915826
0.94117647 2.8332133 0.86959847 0.0096977184 0.95920541 0.028053457
0.94509804 2.9022062 0.87330369 0.0095865836 0.95678021 0.027954755
0.94901961 2.9763142 0.87688975 0.0094399076 0.9538585 0.027789455
0.95294118 3.0563569 0.88100867 0.0091686658 0.95012223 0.028029861
0.95686275 3.1433683 0.88509858 0.0092609073 0.94656574 0.027745543
0.96078431 3.2386785 0.88942186 0.0091086268 0.94216195 0.027814948
0.96470588 3.344039 0.89373561 0.0088607628 0.93671506 0.027570309
0.96862745 3.461822 0.89883341 0.0086406347 0.93053266 0.027300645
0.97254902 3.5953534 0.90400089 0.0080734344 0.92318364 0.027002365
0.97647059 3.7495041 0.91002751 0.007985231 0.91540022 0.026572369
0.98039216 3.9318256 0.91644786 0.0072566147 0.90564725 0.026242384
0.98431373 4.1549692 0.92459342 0.0063787148 0.89301261 0.026110916
0.98823529 4.4426513 0.93319312 0.0060144359 0.87501126 0.024372029
0.99215686 4.8481164 0.9437948 0.0060296834 0.84535776 0.02038565
0.99607843 5.5412635 0.95959737 0.0060543332 0.78771012 0.015192102
1 inf 1 0 0 0
