zeta log_threshold precision_mean precision_std recall_mean recall_std
0 0 0.189214 0.0010204038 1 0
0.0039215686 0.0039292781 0.34565042 0.0032958477 1 0
0.0078431373 0.0078740564 0.36131587 0.0032596513 1 0
0.011764706 0.011834458 0.37127941 0.0035193341 1 0
0.015686275 0.015810606 0.37894599 0.0037255189 1 0
0.019607843 0.019802627 0.38510005 0.003705465 1 0
0.023529412 0.023810649 0.39043308 0.003798372 1 0
0.02745098 0.027834799 0.39505276 0.0037640514 1 0
0.031372549 0.031875209 0.39937098 0.0037659242 1 0
0.035294118 0.035932009 0.40311265 0.0037347632 1 0
0.039215686 0.040005335 0.40651626 0.0035305657 1 0
0.043137255 0.04409532 0.40960134 0.0035401382 1 0
0.047058824 0.048202102 0.41255583 0.0035563445 1 0
0.050980392 0.052325819 0.41530747 0.0034574003 1 0
0.054901961 0.056466612 0.41791834 0.0034788402 1 0
0.058823529 0.060624622 0.42029913 0.0035141823 1 0
0.062745098 0.064799993 0.42266529 0.0035715458 1 0
0.066666667 0.068992871 0.42501332 0.0034671596 1 0
0.070588235 0.073203404 0.4271611 0.0035078071 1 0
0.074509804 0.07743174 0.42926993 0.0035506948 1 0
0.078431373 0.081678031 0.43121006 0.0036276341 1 0
0.082352941 0.08594243 0.43320749 0.0036956724 1 0
0.08627451 0.090225092 0.43508282 0.0036592477 1 0
0.090196078 0.094526173 0.43681769 0.0036225288 1 0
0.094117647 0.098845835 0.4385277 0.0036729702 1 0
0.098039216 0.10318424 0.44024814 0.0036748452 1 0
0.10196078 0.10754154 0.441936 0.003664207 1 0
0.10588235 0.11191792 0.44350995 0.0036596376 1 0
0.10980392 0.11631353 0.44510208 0.003668217 1 0
0.11372549 0.12072855 0.44664684 0.003698459 1 0
0.11764706 0.12516314 0.44821337 0.0036440998 1 0
0.12156863 0.12961749 0.44978563 0.0036617101 1 0
0.1254902 0.13409177 0.45119203 0.0036394216 1 0
0.12941176 0.13858616 0.45264213 0.0036312576 1 0
0.13333333 0.14310084 0.45394377 0.0035836552 1 0
0.1372549 0.147636 0.45523182 0.0034197244 1 0
0.14117647 0.15219182 0.4565599 0.0033554388 1 0
0.14509804 0.15676848 0.45775988 0.0033901384 1 0
0.14901961 0.16136619 0.45896305 0.0033731831 1 0
0.15294118 0.16598514 0.46015944 0.0033531566 1 0
0.15686275 0.17062552 0.46138059 0.0033540381 1 0
0.16078431 0.17528753 0.46260511 0.0033314654 1 0
0.16470588 0.17997138 0.46378304 0.0034064285 1 0
0.16862745 0.18467727 0.46494921 0.0033694436 1 0
0.17254902 0.18940541 0.46619509 0.0033589439 1 0
0.17647059 0.19415601 0.46729192 0.0033917984 1 0
0.18039216 0.19892929 0.46847254 0.0032823061 1 0
0.18431373 0.20372547 0.469549 0.0032796994 1 0
0.18823529 0.20854475 0.4706195 0.0033341646 1 0
0.19215686 0.21338738 0.47171719 0.0033235153 1 0
0.19607843 0.21825357 0.4727974 0.0033569319 1 0
0.2 0.22314355 0.47387154 0.003430673 1 0
0.20392157 0.22805757 0.47490516 0.0033719314 1 0
0.20784314 0.23299585 0.4760364 0.0034232623 1 0
0.21176471 0.23795864 0.47711429 0.0034464472 1 0
0.21568627 0.24294618 0.47809718 0.0035344418 1 0
0.21960784 0.24795872 0.4790925 0.003566348 1 0
0.22352941 0.25299651 0.48006798 0.0035984254 1 0
0.22745098 0.25805982 0.48109879 0.0036608409 1 0
0.23137255 0.26314889 0.48208205 0.003685711 1 0
0.23529412 0.26826399 0.48310684 0.0035781197 1 0
0.23921569 0.27340539 0.48411867 0.0034904254 1 0
0.24313725 0.27857336 0.48499906 0.0034360879 1 0
0.24705882 0.28376817 0.48593945 0.003365432 1 0
0.25098039 0.28899012 0.48683782 0.0034201893 1 0
0.25490196 0.29423947 0.48779403 0.0034124261 1 0
0.25882353 0.29951653 0.48867852 0.0034441918 1 0
0.2627451 0.30482158 0.48962412 0.0034504393 1 0
0.26666667 0.31015493 0.49055258 0.0034081694 1 0
0.27058824 0.31551687 0.49143659 0.0034216632 1 0
0.2745098 0.32090772 0.49238041 0.0034169304 1 0
0.27843137 0.32632779 0.49324077 0.0034631843 1 0
0.28235294 0.33177739 0.49411714 0.0033662353 1 0
0.28627451 0.33725686 0.49500167 0.003409364 1 0
0.29019608 0.34276651 0.49586641 0.0034362662 1 0
0.29411765 0.34830669 0.4967455 0.0033716172 1 0
0.29803922 0.35387774 0.49756678 0.0033973177 1 0
0.30196078 0.35947999 0.49831157 0.0034275742 1 0
0.30588235 0.36511381 0.49912789 0.0034931667 1 0
0.30980392 0.37077955 0.50001438 0.0035192235 1 0
0.31372549 0.37647757 0.50081076 0.0035113576 1 0
0.31764706 0.38220825 0.5016742 0.0035428093 1 0
0.32156863 0.38797195 0.50247648 0.0035445358 1 0
0.3254902 0.39376907 0.50335066 0.0035649552 1 0
0.32941176 0.39959999 0.50427892 0.0035698291 1 0
0.33333333 0.40546511 0.50515123 0.0035921031 1 0
0.3372549 0.41136483 0.50597467 0.0035910109 1 0
0.34117647 0.41729957 0.50680005 0.0035372436 1 0
0.34509804 0.42326973 0.50759811 0.0036152533 1 0
0.34901961 0.42927576 0.50845796 0.0036435257 1 0
0.35294118 0.43531807 0.50931338 0.0035639624 1 0
0.35686275 0.44139712 0.5101706 0.0035893529 1 0
0.36078431 0.44751334 0.51101913 0.0035836087 1 0
0.36470588 0.45366721 0.51184511 0.0035624741 1 0
0.36862745 0.45985918 0.5127552 0.0035693253 1 0
0.37254902 0.46608973 0.51356989 0.0035063721 1 0
0.37647059 0.47235934 0.51444881 0.0034622928 1 0
0.38039216 0.47866851 0.51517425 0.0034760261 1 0
0.38431373 0.48501774 0.5159538 0.0035698198 1 0
0.38823529 0.49140754 0.51678404 0.0035032215 1 0
0.39215686 0.49783843 0.51757363 0.0035440568 1 0
0.39607843 0.50431094 0.51837347 0.0035647568 1 0
0.4 0.51082562 0.51921046 0.0036086471 1 0
0.40392157 0.51738302 0.51990384 0.0036065326 1 0
0.40784314 0.52398371 0.52064303 0.0036612143 1 0
0.41176471 0.53062825 0.52135105 0.0036217657 1 0
0.41568627 0.53731724 0.52215109 0.003639894 1 0
0.41960784 0.54405127 0.52287509 0.0036471078 1 0
0.42352941 0.55083096 0.52361616 0.0036673292 1 0
0.42745098 0.55765692 0.52433645 0.0037213825 1 0
0.43137255 0.5645298 0.52512718 0.0036770062 1 0
0.43529412 0.57145025 0.52588287 0.0036802972 1 0
0.43921569 0.57841891 0.52660856 0.0036945072 1 0
0.44313725 0.58543649 0.52747155 0.0036694103 1 0
0.44705882 0.59250365 0.52830108 0.0036267047 1 0
0.45098039 0.59962112 0.52912499 0.0036013714 1 0
0.45490196 0.60678961 0.52996392 0.0036366415 1 0
0.45882353 0.61400986 0.53071841 0.0036136409 1 0
0.4627451 0.62128262 0.53146054 0.0036159058 1 0
0.46666667 0.62860866 0.53229808 0.0036329448 1 0
0.47058824 0.63598877 0.53307491 0.003642463 1 0
0.4745098 0.64342375 0.53388218 0.0037231442 1 0
0.47843137 0.65091442 0.53461273 0.0037841308 1 0
0.48235294 0.65846162 0.5354477 0.0037858213 1 0
0.48627451 0.66606622 0.53616804 0.0038477343 1 0
0.49019608 0.67372909 0.53693514 0.0038725356 1 0
0.49411765 0.68145114 0.53771433 0.0039467019 1 0
0.49803922 0.68923328 0.53855164 0.0038750547 1 0
0.50196078 0.69707646 0.53932182 0.0038516749 1 0
0.50588235 0.70498164 0.54003733 0.003944322 1 0
0.50980392 0.71294981 0.54076021 0.0039788418 1 0
0.51372549 0.72098198 0.54157792 0.0040300292 1 0
0.51764706 0.72907919 0.54231803 0.0041140214 1 0
0.52156863 0.7372425 0.54301945 0.0041693598 1 0
0.5254902 0.745473 0.54386172 0.0041487251 1 0
0.52941176 0.7537718 0.54466032 0.0041734081 1 0
0.53333333 0.76214005 0.54544268 0.0041999385 1 0
0.5372549 0.77057892 0.54622361 0.0042013809 1 0
0.54117647 0.77908961 0.54698599 0.0042755698 1 0
0.54509804 0.78767335 0.54782061 0.0043616352 1 0
0.54901961 0.79633142 0.54860668 0.0042794255 1 0
0.55294118 0.8050651 0.54937506 0.0043290866 1 0
0.55686275 0.81387573 0.55014555 0.0043648613 1 0
0.56078431 0.82276467 0.5509925 0.0042433791 1 0
0.56470588 0.83173334 0.55178186 0.0042011614 1 0
0.56862745 0.84078318 0.55255898 0.004231895 1 0
0.57254902 0.84991566 0.55329905 0.004227888 1 0
0.57647059 0.85913232 0.55401165 0.0042331599 1 0
0.58039216 0.86843471 0.55474036 0.004276115 1 0
0.58431373 0.87782445 0.5554561 0.0042589707 1 0
0.58823529 0.8873032 0.55630096 0.004204761 1 0
0.59215686 0.89687265 0.5571524 0.0041978025 1 0
0.59607843 0.90653456 0.55797694 0.0042073863 1 0
0.6 0.91629073 0.55878716 0.0041813628 1 0
0.60392157 0.92614303 0.55956415 0.0042153274 1 0
0.60784314 0.93609336 0.56045608 0.0042550807 1 0
0.61176471 0.9461437 0.56124709 0.004258031 1 0
0.61568627 0.95629607 0.56216559 0.0043177518 1 0
0.61960784 0.96655257 0.56292166 0.0043406011 1 0
0.62352941 0.97691535 0.56377152 0.0044267302 1 0
0.62745098 0.98738665 0.56454395 0.0043587672 1 0
0.63137255 0.99796876 0.56524876 0.0043670211 1 0
0.63529412 1.0086641 0.56610695 0.0043318589 1 0
0.63921569 1.019475 0.56695333 0.0044393691 1 0
0.64313725 1.030404 0.56785618 0.0045004532 1 0
0.64705882 1.0414539 0.56873349 0.0044933169 1 0
0.65098039 1.0526272 0.56955096 0.0044432966 1 0
0.65490196 1.0639267 0.57041798 0.004551384 1 0
0.65882353 1.0753554 0.5713031 0.0045499396 1 0
0.6627451 1.0869162 0.57214937 0.0045599561 1 0
0.66666667 1.0986123 0.57305888 0.004477101 1 0
0.67058824 1.1104467 0.57397591 0.0044321583 1 0
0.6745098 1.1224229 0.57487936 0.0044288168 1 0
0.67843137 1.1345443 0.57579975 0.0044334465 1 0
0.68235294 1.1468144 0.5766306 0.0043799924 1 0
0.68627451 1.1592369 0.57747568 0.0044018987 1 0
0.69019608 1.1718157 0.57827204 0.004343486 1 0
0.69411765 1.1845547 0.57908585 0.0043531315 1 0
0.69803922 1.1974581 0.57989618 0.0044111823 1 0
0.70196078 1.2105302 0.58072869 0.0043946358 1 0
0.70588235 1.2237754 0.58162841 0.0044250553 1 0
0.70980392 1.2371985 0.5824933 0.0045209903 1 0
0.71372549 1.2508041 0.58337712 0.0045346889 1 0
0.71764706 1.2645974 0.58425555 0.0045079095 1 0
0.72156863 1.2785837 0.58515808 0.0044815326 1 0
0.7254902 1.2927683 0.58614472 0.0045005098 1 0
0.72941176 1.307157 0.58714249 0.0045549395 1 0
0.73333333 1.3217558 0.58807371 0.0045889973 1 0
0.7372549 1.3365709 0.58916408 0.0045520545 1 0
0.74117647 1.3516088 0.59012654 0.0045433736 1 0
0.74509804 1.3668763 0.59111802 0.0045451351 1 0
0.74901961 1.3823805 0.59211331 0.0045662617 1 0
0.75294118 1.3981288 0.59312628 0.0045788623 1 0
0.75686275 1.4141292 0.59417448 0.0046713989 1 0
0.76078431 1.4303897 0.59521359 0.0046663832 1 0
0.76470588 1.446919 0.59610636 0.0046939696 1 0
0.76862745 1.4637261 0.5971775 0.0046577797 1 0
0.77254902 1.4808205 0.59825393 0.004679685 1 0
0.77647059 1.4982123 0.59941188 0.0047625684 1 0
0.78039216 1.5159119 0.6004624 0.0047814849 1 0
0.78431373 1.5339304 0.60155725 0.0047797153 1 0
0.78823529 1.5522795 0.60269341 0.0048652037 1 0
0.79215686 1.5709716 0.60369516 0.0049622247 1 0
0.79607843 1.5900198 0.60468712 0.0049849085 1 0
0.8 1.6094379 0.60577777 0.0049387795 1 0
0.80392157 1.6292405 0.60694592 0.0048822842 1 0
0.80784314 1.6494432 0.60803295 0.0049938 1 0
0.81176471 1.6700625 0.60918609 0.0051137234 1 0
0.81568627 1.6911159 0.61037713 0.005149167 1 0
0.81960784 1.7126221 0.61160537 0.005050904 1 0
0.82352941 1.7346011 0.61284297 0.0051174658 1 0
0.82745098 1.7570739 0.61402319 0.0050978738 1 0
0.83137255 1.7800634 0.61528247 0.0051759411 1 0
0.83529412 1.8035939 0.61654603 0.005224512 1 0
0.83921569 1.8276915 0.61783075 0.005256848 1 0
0.84313725 1.8523841 0.61910748 0.0054134906 1 0
0.84705882 1.8777019 0.62040386 0.0054723366 1 0
0.85098039 1.9036774 0.62173195 0.0054229917 1 0
0.85490196 1.9303456 0.62322914 0.0055117434 1 0
0.85882353 1.9577446 0.62455446 0.0055471094 1 0
0.8627451 1.9859155 0.6260669 0.0055806264 1 0
0.86666667 2.014903 0.62752759 0.00577125 1 0
0.87058824 2.044756 0.62905764 0.0059135795 1 0
0.8745098 2.0755276 0.63067141 0.0060961901 1 0
0.87843137 2.1072763 0.63214683 0.0061196207 1 0
0.88235294 2.1400662 0.63379995 0.0061952381 1 0
0.88627451 2.1739677 0.63538896 0.0062868861 1 0
0.89019608 2.209059 0.63694741 0.0063764495 1 0
0.89411765 2.2454267 0.63857296 0.0064405676 1 0
0.89803922 2.283167 0.64047007 0.0064307497 1 0
0.90196078 2.3223877 0.64238905 0.0064988911 1 0
0.90588235 2.3632097 0.64415456 0.0064793246 1 0
0.90980392 2.4057693 0.6460119 0.0065608749 1 0
0.91372549 2.4502211 0.64810522 0.0065836407 1 0
0.91764706 2.4967411 0.65019558 0.0066801352 1 0
0.92156863 2.5455313 0.65244178 0.0065402545 1 0
0.9254902 2.5968246 0.65481842 0.0066349589 1 0
0.92941176 2.6508918 0.65731509 0.0066358639 1 0
0.93333333 2.7080502 0.65984983 0.0066482054 1 0
0.9372549 2.7686748 0.66249413 0.0067553593 1 0
0.94117647 2.8332133 0.66528318 0.0068685515 1 0
0.94509804 2.9022062 0.66832637 0.0070159485 1 0
0.94901961 2.9763142 0.67148673 0.0071424011 1 0
0.95294118 3.0563569 0.67449506 0.0072400154 1 0
0.95686275 3.1433683 0.67803053 0.0073752535 1 0
0.96078431 3.2386785 0.68200055 0.0072876951 1 0
0.96470588 3.344039 0.68598439 0.0075042125 1 0
0.96862745 3.461822 0.69047446 0.0077339923 1 0
0.97254902 3.5953534 0.69552554 0.0077900803 1 0
0.97647059 3.7495041 0.70111825 0.0079012809 1 0
0.98039216 3.9318256 0.70757661 0.0081724712 1 0
0.98431373 4.1549692 0.71535369 0.0084071048 1 0
0.98823529 4.4426513 0.72558962 0.0085440281 1 0
0.99215686 4.8481164 0.73913616 0.0084530124 1 0
0.99607843 5.5412635 0.76105495 0.0090160918 0.99988401 0.00010733227
1 inf 1 0 0 0
