zeta log_threshold precision_mean precision_std recall_mean recall_std
0 0 0.188992 0.0015616581 1 0
0.0039215686 0.0039292781 0.28593305 0.0023850358 1 0
0.0078431373 0.0078740564 0.2966362 0.0024702267 1 0
0.011764706 0.011834458 0.30332451 0.0024434303 1 0
0.015686275 0.015810606 0.30843141 0.0023941406 1 0
0.019607843 0.019802627 0.31248115 0.0024793437 1 0
0.023529412 0.023810649 0.31577309 0.0024545223 1 0
0.02745098 0.027834799 0.31866037 0.0025186036 1 0
0.031372549 0.031875209 0.32128262 0.0025753589 1 0
0.035294118 0.035932009 0.32356637 0.0025638306 1 0
0.039215686 0.040005335 0.32573972 0.0026441782 1 0
0.043137255 0.04409532 0.32779647 0.0025401744 1 0
0.047058824 0.048202102 0.32968729 0.0026502594 1 0
0.050980392 0.052325819 0.33138674 0.0026342286 1 0
0.054901961 0.056466612 0.33299071 0.0025791201 1 0
0.058823529 0.060624622 0.33458638 0.0026442806 1 0
0.062745098 0.064799993 0.33600218 0.0026618768 1 0
0.066666667 0.068992871 0.3373804 0.0026856947 1 0
0.070588235 0.073203404 0.33873214 0.0026320241 1 0
0.074509804 0.07743174 0.33999715 0.0026604312 1 0
0.078431373 0.081678031 0.34130181 0.0027145827 1 0
0.082352941 0.08594243 0.34240735 0.0027084346 1 0
0.08627451 0.090225092 0.34350164 0.0027343123 1 0
0.090196078 0.094526173 0.34460967 0.0026926403 1 0
0.094117647 0.098845835 0.34565464 0.0026963248 1 0
0.098039216 0.10318424 0.34670596 0.0026912042 1 0
0.10196078 0.10754154 0.34774229 0.0027243818 1 0
0.10588235 0.11191792 0.34877262 0.0027147822 1 0
0.10980392 0.11631353 0.34967223 0.0027327184 1 0
0.11372549 0.12072855 0.35061274 0.0027188934 1 0
0.11764706 0.12516314 0.35144988 0.0027203497 1 0
0.12156863 0.12961749 0.35235303 0.0027388651 1 0
0.1254902 0.13409177 0.35318914 0.0027215427 1 0
0.12941176 0.13858616 0.35396844 0.0027277377 1 0
0.13333333 0.14310084 0.35482971 0.0027080924 1 0
0.1372549 0.147636 0.35561123 0.0027629249 1 0
0.14117647 0.15219182 0.35640809 0.0027740993 1 0
0.14509804 0.15676848 0.35715958 0.0027611017 1 0
0.14901961 0.16136619 0.35792084 0.0027073553 1 0
0.15294118 0.16598514 0.35869828 0.0027308469 1 0
0.15686275 0.17062552 0.35937197 0.0027148687 1 0
0.16078431 0.17528753 0.36009235 0.0027520074 1 0
0.16470588 0.17997138 0.36081796 0.0027276563 1 0
0.16862745 0.18467727 0.36146489 0.0026872301 1 0
0.17254902 0.18940541 0.36215079 0.0027142426 1 0
0.17647059 0.19415601 0.3628219 0.0026650931 1 0
0.18039216 0.19892929 0.36347347 0.0026357593 1 0
0.18431373 0.20372547 0.36416267 0.002662423 1 0
0.18823529 0.20854475 0.36477097 0.0026298447 1 0
0.19215686 0.21338738 0.36539728 0.0026243647 1 0
0.19607843 0.21825357 0.36597756 0.0026337612 1 0
0.2 0.22314355 0.36657243 0.0026537719 1 0
0.20392157 0.22805757 0.36714783 0.0026539576 1 0
0.20784314 0.23299585 0.36774198 0.0026455564 1 0
0.21176471 0.23795864 0.36833826 0.0026366393 1 0
0.21568627 0.24294618 0.36889947 0.0026844828 1 0
0.21960784 0.24795872 0.36943743 0.0026879416 1 0
0.22352941 0.25299651 0.36998567 0.0026981855 1 0
0.22745098 0.25805982 0.37054573 0.0027264768 1 0
0.23137255 0.26314889 0.3710823 0.0026753324 1 0
0.23529412 0.26826399 0.37159749 0.0026888376 1 0
0.23921569 0.27340539 0.37215235 0.0027122559 1 0
0.24313725 0.27857336 0.37271817 0.0027857341 1 0
0.24705882 0.28376817 0.37326729 0.0027846964 1 0
0.25098039 0.28899012 0.37383291 0.0028070178 1 0
0.25490196 0.29423947 0.37437484 0.0027983497 1 0
0.25882353 0.29951653 0.37492863 0.0027934153 1 0
0.2627451 0.30482158 0.37543653 0.0027977004 1 0
0.26666667 0.31015493 0.37594023 0.0028442491 1 0
0.27058824 0.31551687 0.37646162 0.0028810031 1 0
0.2745098 0.32090772 0.3769734 0.0028542001 1 0
0.27843137 0.32632779 0.37744189 0.0028580746 1 0
0.28235294 0.33177739 0.37792945 0.0028393722 1 0
0.28627451 0.33725686 0.37842097 0.0027938225 1 0
0.29019608 0.34276651 0.37885843 0.0028596255 1 0
0.29411765 0.34830669 0.37932938 0.0027967983 1 0
0.29803922 0.35387774 0.37981727 0.0027832806 1 0
0.30196078 0.35947999 0.38028022 0.002757092 1 0
0.30588235 0.36511381 0.38071677 0.0027735258 1 0
0.30980392 0.37077955 0.38117419 0.0027560284 1 0
0.31372549 0.37647757 0.38162336 0.0027284236 1 0
0.31764706 0.38220825 0.38209123 0.0027358181 1 0
0.32156863 0.38797195 0.38258777 0.0027492671 1 0
0.3254902 0.39376907 0.3830265 0.0027346673 1 0
0.32941176 0.39959999 0.3834896 0.0027078908 1 0
0.33333333 0.40546511 0.38399417 0.0026784723 1 0
0.3372549 0.41136483 0.38447253 0.0027037957 1 0
0.34117647 0.41729957 0.38493149 0.0027275032 1 0
0.34509804 0.42326973 0.38539613 0.0027187044 1 0
0.34901961 0.42927576 0.38585098 0.0027280982 1 0
0.35294118 0.43531807 0.38630536 0.0027391055 1 0
0.35686275 0.44139712 0.38670702 0.0027500663 1 0
0.36078431 0.44751334 0.38712991 0.002718221 1 0
0.36470588 0.45366721 0.3875382 0.0027393377 1 0
0.36862745 0.45985918 0.38795194 0.0027559361 1 0
0.37254902 0.46608973 0.38840019 0.002780421 1 0
0.37647059 0.47235934 0.38880148 0.0028107702 1 0
0.38039216 0.47866851 0.38925916 0.002771424 1 0
0.38431373 0.48501774 0.38964919 0.0027789502 1 0
0.38823529 0.49140754 0.39007026 0.0027365011 1 0
0.39215686 0.49783843 0.39049878 0.0026955476 1 0
0.39607843 0.50431094 0.3909122 0.0026609101 1 0
0.4 0.51082562 0.39131372 0.0026693023 1 0
0.40392157 0.51738302 0.39175831 0.0026793988 1 0
0.40784314 0.52398371 0.39214819 0.0026493375 1 0
0.41176471 0.53062825 0.39252592 0.0026311824 1 0
0.41568627 0.53731724 0.39290446 0.0026334445 1 0
0.41960784 0.54405127 0.39333949 0.0026417592 1 0
0.42352941 0.55083096 0.39371812 0.0026497956 1 0
0.42745098 0.55765692 0.39410053 0.0025982371 1 0
0.43137255 0.5645298 0.39454172 0.0026168564 1 0
0.43529412 0.57145025 0.3949374 0.0026252021 1 0
0.43921569 0.57841891 0.39532408 0.0026275409 1 0
0.44313725 0.58543649 0.39572629 0.0026252197 1 0
0.44705882 0.59250365 0.39611129 0.0026348201 1 0
0.45098039 0.59962112 0.39652202 0.0026664488 1 0
0.45490196 0.60678961 0.39692007 0.0026575415 1 0
0.45882353 0.61400986 0.39737393 0.0026297088 1 0
0.4627451 0.62128262 0.39782225 0.0026240446 1 0
0.46666667 0.62860866 0.39824667 0.0026422194 1 0
0.47058824 0.63598877 0.39863647 0.0026155853 1 0
0.4745098 0.64342375 0.39901518 0.0026103794 1 0
0.47843137 0.65091442 0.39940799 0.0026077996 1 0
0.48235294 0.65846162 0.39982563 0.0026367897 1 0
0.48627451 0.66606622 0.40023887 0.0026191141 1 0
0.49019608 0.67372909 0.40065963 0.0026051824 1 0
0.49411765 0.68145114 0.40105925 0.0025977912 1 0
0.49803922 0.68923328 0.40143568 0.002584906 1 0
0.50196078 0.69707646 0.40181118 0.0025895634 1 0
0.50588235 0.70498164 0.40218573 0.0025785186 1 0
0.50980392 0.71294981 0.40258523 0.0026374318 1 0
0.51372549 0.72098198 0.40298879 0.0026455896 1 0
0.51764706 0.72907919 0.40335501 0.0026243683 1 0
0.52156863 0.7372425 0.40380635 0.0026082228 1 0
0.5254902 0.745473 0.40421214 0.0025975745 1 0
0.52941176 0.7537718 0.40463296 0.0026456858 1 0
0.53333333 0.76214005 0.40506477 0.0026312542 1 0
0.5372549 0.77057892 0.40542286 0.002650268 1 0
0.54117647 0.77908961 0.40586625 0.0025931715 1 0
0.54509804 0.78767335 0.40628192 0.0026364479 1 0
0.54901961 0.79633142 0.40665435 0.0026600433 1 0
0.55294118 0.8050651 0.40708172 0.0026499606 1 0
0.55686275 0.81387573 0.4074975 0.0026347345 1 0
0.56078431 0.82276467 0.40789694 0.0026811536 1 0
0.56470588 0.83173334 0.40829521 0.0026804536 1 0
0.56862745 0.84078318 0.40871018 0.0026661461 1 0
0.57254902 0.84991566 0.40912372 0.0025967724 1 0
0.57647059 0.85913232 0.40954395 0.0025953385 1 0
0.58039216 0.86843471 0.40994214 0.0026085801 1 0
0.58431373 0.87782445 0.41033541 0.0025808836 1 0
0.58823529 0.8873032 0.41073856 0.002590398 1 0
0.59215686 0.89687265 0.41114602 0.002590208 1 0
0.59607843 0.90653456 0.41160124 0.0026176916 1 0
0.6 0.91629073 0.41195482 0.0026416 1 0
0.60392157 0.92614303 0.4123468 0.0026562171 1 0
0.60784314 0.93609336 0.41275753 0.0026861492 1 0
0.61176471 0.9461437 0.41318905 0.0026907162 1 0
0.61568627 0.95629607 0.41356867 0.0026783202 1 0
0.61960784 0.96655257 0.41397438 0.0026829022 1 0
0.62352941 0.97691535 0.41441208 0.0027288748 1 0
0.62745098 0.98738665 0.41479219 0.0027670773 1 0
0.63137255 0.99796876 0.41523718 0.0027909683 1 0
0.63529412 1.0086641 0.41565203 0.0028394454 1 0
0.63921569 1.019475 0.41605287 0.0028589854 1 0
0.64313725 1.030404 0.41649114 0.0028606236 1 0
0.64705882 1.0414539 0.41688796 0.0028612435 1 0
0.65098039 1.0526272 0.41732636 0.002887487 1 0
0.65490196 1.0639267 0.41777267 0.0028670723 1 0
0.65882353 1.0753554 0.41817023 0.0028763389 1 0
0.6627451 1.0869162 0.41857224 0.0028854566 1 0
0.66666667 1.0986123 0.41898076 0.0029154315 1 0
0.67058824 1.1104467 0.41938408 0.0028928025 1 0
0.6745098 1.1224229 0.41979772 0.0029203187 1 0
0.67843137 1.1345443 0.42019751 0.0029796952 1 0
0.68235294 1.1468144 0.42063883 0.00298423 1 0
0.68627451 1.1592369 0.42105651 0.0029450468 1 0
0.69019608 1.1718157 0.42150935 0.002936482 1 0
0.69411765 1.1845547 0.42192719 0.0029602272 1 0
0.69803922 1.1974581 0.42233289 0.0030025382 1 0
0.70196078 1.2105302 0.42275056 0.0030187838 1 0
0.70588235 1.2237754 0.42323189 0.0030683115 1 0
0.70980392 1.2371985 0.42366642 0.0030453521 1 0
0.71372549 1.2508041 0.42407331 0.0030570456 1 0
0.71764706 1.2645974 0.42449044 0.0030449831 1 0
0.72156863 1.2785837 0.42493713 0.0030545043 1 0
0.7254902 1.2927683 0.42542732 0.0031125552 1 0
0.72941176 1.307157 0.42593755 0.0031239759 1 0
0.73333333 1.3217558 0.42637971 0.0031157211 1 0
0.7372549 1.3365709 0.42687242 0.003084475 1 0
0.74117647 1.3516088 0.42735319 0.0030874178 1 0
0.74509804 1.3668763 0.42787391 0.0030956682 1 0
0.74901961 1.3823805 0.42833129 0.0030513031 1 0
0.75294118 1.3981288 0.42875105 0.0030627984 1 0
0.75686275 1.4141292 0.42916776 0.0030794834 1 0
0.76078431 1.4303897 0.42963231 0.0030925481 1 0
0.76470588 1.446919 0.43013709 0.0031510354 1 0
0.76862745 1.4637261 0.4305586 0.0031889263 1 0
0.77254902 1.4808205 0.43106325 0.0031731984 1 0
0.77647059 1.4982123 0.43158063 0.003128085 1 0
0.78039216 1.5159119 0.43205786 0.003121681 1 0
0.78431373 1.5339304 0.43255829 0.0031395315 1 0
0.78823529 1.5522795 0.43311169 0.0031510924 1 0
0.79215686 1.5709716 0.4335646 0.003153906 1 0
0.79607843 1.5900198 0.43404261 0.0031854696 1 0
0.8 1.6094379 0.43459144 0.0031348088 1 0
0.80392157 1.6292405 0.43514759 0.0031158626 1 0
0.80784314 1.6494432 0.43563111 0.0031176528 1 0
0.81176471 1.6700625 0.43616853 0.0031449968 1 0
0.81568627 1.6911159 0.43671885 0.0031389957 1 0
0.81960784 1.7126221 0.43724438 0.0031530231 1 0
0.82352941 1.7346011 0.43779724 0.0031293929 1 0
0.82745098 1.7570739 0.4383292 0.003110046 1 0
0.83137255 1.7800634 0.43887014 0.0030866229 1 0
0.83529412 1.8035939 0.43942126 0.0031374392 1 0
0.83921569 1.8276915 0.43999409 0.003111617 1 0
0.84313725 1.8523841 0.44063403 0.0031047126 1 0
0.84705882 1.8777019 0.44128214 0.0030657681 1 0
0.85098039 1.9036774 0.44180641 0.0030954292 1 0
0.85490196 1.9303456 0.4423666 0.0030823571 1 0
0.85882353 1.9577446 0.44299681 0.0030372219 1 0
0.8627451 1.9859155 0.44362069 0.0030398848 1 0
0.86666667 2.014903 0.4442818 0.0030360603 1 0
0.87058824 2.044756 0.44497003 0.0030358443 1 0
0.8745098 2.0755276 0.44563708 0.003011424 1 0
0.87843137 2.1072763 0.44628722 0.0029782964 1 0
0.88235294 2.1400662 0.44692028 0.0029411781 1 0
0.88627451 2.1739677 0.44757256 0.0029804361 1 0
0.89019608 2.209059 0.44831765 0.0029445894 1 0
0.89411765 2.2454267 0.44907174 0.0029348157 1 0
0.89803922 2.283167 0.44986281 0.0029653611 1 0
0.90196078 2.3223877 0.45065637 0.0029729689 1 0
0.90588235 2.3632097 0.45145732 0.0029533006 1 0
0.90980392 2.4057693 0.45225684 0.0029612969 1 0
0.91372549 2.4502211 0.45317424 0.0029553138 1 0
0.91764706 2.4967411 0.4541128 0.002929343 1 0
0.92156863 2.5455313 0.45502671 0.0029311686 1 0
0.9254902 2.5968246 0.45602119 0.0028990044 1 0
0.92941176 2.6508918 0.45701589 0.0028982608 1 0
0.93333333 2.7080502 0.45816156 0.002902644 1 0
0.9372549 2.7686748 0.45925709 0.0029331931 1 0
0.94117647 2.8332133 0.46047745 0.0030140634 1 0
0.94509804 2.9022062 0.46173017 0.0029247272 1 0
0.94901961 2.9763142 0.46299901 0.0028972617 1 0
0.95294118 3.0563569 0.46434585 0.002909164 1 0
0.95686275 3.1433683 0.46575099 0.0029299608 1 0
0.96078431 3.2386785 0.46735617 0.0029194741 1 0
0.96470588 3.344039 0.46900126 0.0029707441 1 0
0.96862745 3.461822 0.47084684 0.0029417085 1 0
0.97254902 3.5953534 0.47290841 0.0029604128 1 0
0.97647059 3.7495041 0.4751796 0.0030288473 1 0
0.98039216 3.9318256 0.47788014 0.0029799162 1 0
0.98431373 4.1549692 0.48084468 0.0030711833 1 0
0.98823529 4.4426513 0.48466559 0.0032167648 1 0
0.99215686 4.8481164 0.48968463 0.0033881048 1 0
0.99607843 5.5412635 0.49751673 0.0033353789 1 0
1 inf 1 0 0 0
