dataset xi c recall_pre recall_post precision_pre precision_post id_drop_frac
linear2d 0.1 0.5 0.99942166 0.99942166 0.86021359 0.86071995 0
linear2d 0.1 0.8 0.99942166 0.99942166 0.86021359 0.86036933 0
linear2d 0.1 0.9 0.99942166 0.99942166 0.86021359 0.86033039 0
linear2d 0.1 0.99 0.99942166 0.99942166 0.86021359 0.86029146 0
linear2d 0.3 0.5 0.99942166 0.99942166 0.86021359 0.86021359 0
linear2d 0.3 0.8 0.99942166 0.99942166 0.86021359 0.86021359 0
linear2d 0.3 0.9 0.99942166 0.99942166 0.86021359 0.86021359 0
linear2d 0.3 0.99 0.99942166 0.99942166 0.86021359 0.86021359 0
linear2d 0.5 0.5 0.99942166 0.99942166 0.86021359 0.86021359 0
linear2d 0.5 0.8 0.99942166 0.99942166 0.86021359 0.86021359 0
linear2d 0.5 0.9 0.99942166 0.99942166 0.86021359 0.86021359 0
linear2d 0.5 0.99 0.99942166 0.99942166 0.86021359 0.86021359 0
linear2d 0.1 0.5 0.99942166 0.99931651 0.86021359 0.86246483 0
linear2d 0.1 0.8 0.99942166 0.99936909 0.86021359 0.86227545 0
linear2d 0.1 0.9 0.99942166 0.99936909 0.86021359 0.86227545 0
linear2d 0.1 0.99 0.99942166 0.99942166 0.86021359 0.86224258 0
linear2d 0.3 0.5 0.99942166 0.99942166 0.86021359 0.86087587 0
linear2d 0.3 0.8 0.99942166 0.99942166 0.86021359 0.86071995 0
linear2d 0.3 0.9 0.99942166 0.99942166 0.86021359 0.86071995 0
linear2d 0.3 0.99 0.99942166 0.99942166 0.86021359 0.86071995 0
linear2d 0.5 0.5 0.99942166 0.99942166 0.86021359 0.86021359 0
linear2d 0.5 0.8 0.99942166 0.99942166 0.86021359 0.86021359 0
linear2d 0.5 0.9 0.99942166 0.99942166 0.86021359 0.86021359 0
linear2d 0.5 0.99 0.99942166 0.99942166 0.86021359 0.86021359 0
linear2d 0.1 0.5 0.99942166 0.98112513 0.86021359 0.96210559 0.022
linear2d 0.1 0.8 0.99942166 0.98538381 0.86021359 0.95852299 0.022
linear2d 0.1 0.9 0.99942166 0.98559411 0.86021359 0.95784579 0.022
linear2d 0.1 0.99 0.99942166 0.98564669 0.86021359 0.95716328 0.022
linear2d 0.3 0.5 0.99942166 0.99369085 0.86021359 0.93936382 0.014
linear2d 0.3 0.8 0.99942166 0.99411146 0.86021359 0.93613229 0.01
linear2d 0.3 0.9 0.99942166 0.9944795 0.86021359 0.9351362 0.008
linear2d 0.3 0.99 0.99942166 0.9946898 0.86021359 0.93482558 0.008
linear2d 0.5 0.5 0.99942166 0.99768665 0.86021359 0.92394586 0.004
linear2d 0.5 0.8 0.99942166 0.99789695 0.86021359 0.92010859 0.002
linear2d 0.5 0.9 0.99942166 0.99805468 0.86021359 0.91967443 0.002
linear2d 0.5 0.99 0.99942166 0.99815983 0.86021359 0.91892546 0.002
annulus2d 0.1 0.5 0.99974752 0.99932671 0.86613197 0.86817284 0
annulus2d 0.1 0.8 0.99974752 0.99932671 0.86613197 0.86747516 0
annulus2d 0.1 0.9 0.99974752 0.99932671 0.86613197 0.86747516 0
annulus2d 0.1 0.99 0.99974752 0.99932671 0.86613197 0.86747516 0
annulus2d 0.3 0.5 0.99974752 0.99974752 0.86613197 0.86613197 0
annulus2d 0.3 0.8 0.99974752 0.99974752 0.86613197 0.86613197 0
annulus2d 0.3 0.9 0.99974752 0.99974752 0.86613197 0.86613197 0
annulus2d 0.3 0.99 0.99974752 0.99974752 0.86613197 0.86613197 0
annulus2d 0.5 0.5 0.99974752 0.99974752 0.86613197 0.86613197 0
annulus2d 0.5 0.8 0.99974752 0.99974752 0.86613197 0.86613197 0
annulus2d 0.5 0.9 0.99974752 0.99974752 0.86613197 0.86613197 0
annulus2d 0.5 0.99 0.99974752 0.99974752 0.86613197 0.86613197 0
annulus2d 0.1 0.5 0.99974752 0.99890591 0.86613197 0.8708636 0
annulus2d 0.1 0.8 0.99974752 0.99907423 0.86613197 0.87049938 0
annulus2d 0.1 0.9 0.99974752 0.99924255 0.86613197 0.8705822 0
annulus2d 0.1 0.99 0.99974752 0.99924255 0.86613197 0.8705822 0
annulus2d 0.3 0.5 0.99974752 0.99966336 0.86613197 0.86929157 0
annulus2d 0.3 0.8 0.99974752 0.99966336 0.86613197 0.86910075 0
annulus2d 0.3 0.9 0.99974752 0.99966336 0.86613197 0.86897359 0
annulus2d 0.3 0.99 0.99974752 0.99966336 0.86613197 0.86897359 0
annulus2d 0.5 0.5 0.99974752 0.99966336 0.86613197 0.86814793 0
annulus2d 0.5 0.8 0.99974752 0.99966336 0.86613197 0.86802105 0
annulus2d 0.5 0.9 0.99974752 0.99966336 0.86613197 0.86808448 0
annulus2d 0.5 0.99 0.99974752 0.99974752 0.86613197 0.86796727 0
annulus2d 0.1 0.5 0.99974752 0.98417775 0.86613197 0.9306064 0.006
annulus2d 0.1 0.8 0.99974752 0.98746002 0.86613197 0.92641137 0.008
annulus2d 0.1 0.9 0.99974752 0.98746002 0.86613197 0.92502365 0.008
annulus2d 0.1 0.99 0.99974752 0.98796499 0.86613197 0.92454911 0.008
annulus2d 0.3 0.5 0.99974752 0.99444538 0.86613197 0.9092728 0.004
annulus2d 0.3 0.8 0.99974752 0.99545531 0.86613197 0.90747276 0.004
annulus2d 0.3 0.9 0.99974752 0.99562363 0.86613197 0.90693039 0.004
annulus2d 0.3 0.99 0.99974752 0.99587612 0.86613197 0.90709084 0.004
annulus2d 0.5 0.5 0.99974752 0.99831678 0.86613197 0.89972694 0
annulus2d 0.5 0.8 0.99974752 0.99856926 0.86613197 0.8977075 0
annulus2d 0.5 0.9 0.99974752 0.9984851 0.86613197 0.89749603 0
annulus2d 0.5 0.99 0.99974752 0.9984851 0.86613197 0.89742814 0
