dataset arm repeats frac jitter dalpha_max dalpha_mean iou_vs_base
annulus2d calibrated 1 0.1 0 0.54754336 0.0046300866 0.96963138
annulus2d calibrated 1 0.1 0.02 0.45200636 0.007287323 0.95577567
annulus2d calibrated 1 0.5 0 0.81366262 0.01634358 0.89779559
annulus2d calibrated 1 0.5 0.02 0.7831917 0.017765052 0.89956058
annulus2d calibrated 3 0.1 0 0.73929721 0.0098535596 0.93485491
annulus2d calibrated 3 0.1 0.02 0.6578499 0.013424447 0.92219743
annulus2d calibrated 3 0.5 0 0.91889639 0.01780835 0.88795293
annulus2d calibrated 3 0.5 0.02 0.96800809 0.027727009 0.83544922
annulus2d calibrated 10 0.1 0 0.89274168 0.015894439 0.90095525
annulus2d calibrated 10 0.1 0.02 0.99252577 0.048589489 0.68940504
annulus2d calibrated 10 0.5 0 0.97777808 0.032309683 0.81626146
annulus2d calibrated 10 0.5 0.02 0.99949166 0.047417722 0.68784877
annulus2d fixed 1 0.1 0 0.12256926 0.0049144525 0.98463747
annulus2d fixed 1 0.1 0.02 0.069731669 0.0040357387 0.98723052
annulus2d fixed 1 0.5 0 0.26444045 0.020514791 0.93780725
annulus2d fixed 1 0.5 0.02 0.24849282 0.019297216 0.94161458
annulus2d fixed 3 0.1 0 0.20381587 0.011460385 0.96319202
annulus2d fixed 3 0.1 0.02 0.24525244 0.013046854 0.95937984
annulus2d fixed 3 0.5 0 0.45439888 0.038749828 0.89038334
annulus2d fixed 3 0.5 0.02 0.4414269 0.035526672 0.89822245
annulus2d fixed 10 0.1 0 0.4961161 0.025149806 0.92561011
annulus2d fixed 10 0.1 0.02 0.45001226 0.027589653 0.9184377
annulus2d fixed 10 0.5 0 0.67348681 0.066406558 0.82865956
annulus2d fixed 10 0.5 0.02 0.68381843 0.06627383 0.82906444
linear2d calibrated 1 0.1 0 0.53747813 0.0061739935 0.9745306
linear2d calibrated 1 0.1 0.02 0.31868123 0.0088473282 0.9657979
linear2d calibrated 1 0.5 0 0.83879835 0.027325658 0.89427524
linear2d calibrated 1 0.5 0.02 0.76662037 0.022814442 0.91264081
linear2d calibrated 3 0.1 0 0.83861052 0.012820784 0.94841438
linear2d calibrated 3 0.1 0.02 0.7148155 0.021399468 0.91896943
linear2d calibrated 3 0.5 0 0.92119765 0.034270589 0.86976077
linear2d calibrated 3 0.5 0.02 0.97010929 0.04264256 0.83740308
linear2d calibrated 10 0.1 0 0.89885386 0.017288636 0.93113611
linear2d calibrated 10 0.1 0.02 0.99253476 0.068671192 0.72250679
linear2d calibrated 10 0.5 0 0.96946165 0.048990531 0.82219697
linear2d calibrated 10 0.5 0.02 0.99985508 0.07839708 0.66570078
linear2d fixed 1 0.1 0 0.12250729 0.0051979827 0.98696822
linear2d fixed 1 0.1 0.02 0.11419249 0.0050343035 0.98731786
linear2d fixed 1 0.5 0 0.30274571 0.028663992 0.93632556
linear2d fixed 1 0.5 0.02 0.26539342 0.026208299 0.94140695
linear2d fixed 3 0.1 0 0.27311974 0.018215982 0.95830372
linear2d fixed 3 0.1 0.02 0.29737867 0.013305261 0.96930211
linear2d fixed 3 0.5 0 0.46204043 0.048953612 0.89587485
linear2d fixed 3 0.5 0.02 0.52115209 0.052208337 0.88971652
linear2d fixed 10 0.1 0 0.57811837 0.039364457 0.91491224
linear2d fixed 10 0.1 0.02 0.47850062 0.030812598 0.93092545
linear2d fixed 10 0.5 0 0.73739438 0.08976209 0.82293656
linear2d fixed 10 0.5 0.02 0.711222 0.088968899 0.82506414
