arm n halo_max halo_p95 precision recall d_tilde
fixed 30 1.0265923 0.86896795 0.89599756 0.77060122 0.89096198
calibrated 30 3.4883757 3.1064865 0.42637865 1 0.89096198
calibrated_sN 30 1.8927678 1.5040571 0.70101667 0.98565272 0.89096198
fixed 100 1.1989971 0.98569222 0.65958953 0.99631194 0.43086844
calibrated 100 1.4124418 1.1520717 0.60830425 0.99684644 0.43086844
calibrated_sN 100 0.8537583 0.73104369 0.76724837 0.9611417 0.43086844
fixed 300 1.9099739 1.6515201 0.54771109 1 0.24531362
calibrated 300 1.0048369 0.82960137 0.76782509 0.99893865 0.24531362
calibrated_sN 300 0.74126117 0.62321441 0.84799818 0.98912121 0.24531362
fixed 1000 2.3014294 2.0871014 0.45617826 1 0.13607091
calibrated 1000 0.48501925 0.39104152 0.85511095 1 0.13607091
calibrated_sN 1000 0.39542299 0.31609859 0.88787496 0.99868407 0.13607091
fixed 3000 2.702072 2.4691551 0.40207454 1 0.074791287
calibrated 3000 0.34239203 0.24312442 0.91064136 1 0.074791287
calibrated_sN 3000 0.31481933 0.22683344 0.92117413 1 0.074791287
fixed 10000 3.1033351 2.8555082 0.35985036 1 0.041192056
calibrated 10000 0.17274607 0.13712809 0.94557311 0.99978784 0.041192056
calibrated_sN 10000 0.17274607 0.13836892 0.94448342 0.99978784 0.041192056
fixed 30000 3.4258957 3.1497198 0.32773698 1 0.023587128
calibrated 30000 0.10136257 0.07708139 0.96901394 1 0.023587128
calibrated_sN 30000 0.10201281 0.084566258 0.9642673 1 0.023587128
