arm rho n aupr iou halo_max sigma_aniso_frac sigma_aniso_ratio
iso 0 100 0.97627292 0.25644172 0.77469723 1 1.6917
diag 0 100 0.98101633 0.25570962 0.81042132 1 1.6917
full 0 100 0.98141419 0.25696721 0.81042132 1 1.6917
deployed 0 100 0.96342894 0.69213732 0.17625745 1 1.6917
iso 0 300 0.95281816 0.35584563 0.48799941 1 1.534841
diag 0 300 0.95691491 0.37702946 0.44770715 1 1.534841
full 0 300 0.94869082 0.37725632 0.46241764 1 1.534841
deployed 0 300 0.98191387 0.742891 0.11588593 1 1.534841
iso 0 1000 0.99203948 0.52033195 0.28017646 1 1.6031127
diag 0 1000 0.99239815 0.54569191 0.22770202 1 1.6031127
full 0 1000 0.99217393 0.5447437 0.24529627 1 1.6031127
deployed 0 1000 0.99279462 0.87711864 0.059768376 1 1.6031127
iso 1 100 0.88610442 0.11595889 3.2940548 1 1.3889306
diag 1 100 0.86724492 0.11746219 3.2621661 1 1.3889306
full 1 100 0.8966753 0.16455696 1.8738891 1 1.3889306
deployed 1 100 0.88655351 0.51730104 0.69258617 1 1.3889306
iso 1 300 0.92302189 0.22025783 1.5520455 1 1.6613164
diag 1 300 0.92471424 0.22288483 1.5520455 1 1.6613164
full 1 300 0.92729156 0.24947851 1.2876445 1 1.6613164
deployed 1 300 0.94330051 0.63646055 0.38089627 1 1.6613164
iso 1 1000 0.97911225 0.36176649 0.81487336 1 1.5307374
diag 1 1000 0.97640877 0.36396835 0.8445554 1 1.5307374
full 1 1000 0.97704445 0.39419908 0.70631152 1 1.5307374
deployed 1 1000 0.9868564 0.75696203 0.19708476 1 1.5307374
iso 3 100 0.86931322 0.1055525 1.4398829 1 1.5062995
diag 3 100 0.86865459 0.10607735 1.4359864 1 1.5062995
full 3 100 0.87512804 0.15673469 0.83679167 1 1.5062995
deployed 3 100 0.86690803 0.44705882 0.36734059 1 1.5062995
iso 3 300 0.91546461 0.20512821 0.69198668 1 1.6069269
diag 3 300 0.93287633 0.20600858 0.69198668 1 1.6069269
full 3 300 0.93054389 0.23970037 0.61076259 1 1.6069269
deployed 3 300 0.94091282 0.55491329 0.19882945 1 1.6069269
iso 3 1000 0.94818596 0.30379747 0.44235412 1 1.5604281
diag 3 1000 0.94495456 0.30868167 0.40940594 1 1.5604281
full 3 1000 0.94211752 0.32764505 0.37113203 1 1.5604281
deployed 3 1000 0.96892921 0.68571429 0.10489772 1 1.5604281
