n k q_secs_full q_secs_trunc tree_build_secs model_mem_mb full_py_peak_mb trunc_py_peak_mb
1000 8 0.4759277 0.030102313 0.00019689789 0.08 0.449488 11.604892
1000 32 0.4759277 0.070581827 0.0002337941 0.08 0.449488 46.164732
1000 128 0.4759277 0.17869322 0.00019776286 0.08 0.449488 184.40476
1000 512 0.4759277 0.93263609 0.00020613801 0.08 0.449488 737.36476
10000 8 0.052839279 0.038650028 0.001404831 0.8 0.094453 11.6047
10000 32 0.052839279 0.24684716 0.004115388 0.8 0.094453 46.164732
10000 128 0.052839279 0.30615782 0.0014602679 0.8 0.094453 184.40476
10000 512 0.052839279 1.0488196 0.001488816 0.8 0.094453 737.36476
100000 8 0.8281685 0.086047869 0.017173886 8 0.094815 11.6047
100000 32 0.8281685 0.14618802 0.0172448 8 0.094815 46.164732
100000 128 0.8281685 0.69755807 0.017622319 8 0.094815 184.40476
100000 512 0.8281685 1.3860699 0.17522728 8 0.094815 737.36476
600000 8 4.7115588 0.26262246 0.4504589 48 0.094431 11.6047
600000 32 4.7115588 0.4560595 0.13027963 48 0.094431 46.164732
600000 128 4.7115588 1.4662171 0.14372022 48 0.094431 184.40479
600000 512 4.7115588 2.9961472 0.13815776 48 0.094431 737.36473
