n k err_max err_mean err_p99 flip_zeta05
1000 8 0.79268252 0.22362358 0.67683972 0.1965
1000 32 0.50472609 0.073915777 0.38908114 0.0564
1000 128 0.23071783 0.016895503 0.13458207 0.0117
1000 512 0.02127903 0.0010111594 0.010254974 0.0006
10000 8 0.93033559 0.3034083 0.76566424 0.3277
10000 32 0.71525302 0.15334015 0.51113269 0.1568
10000 128 0.43866369 0.056579688 0.24181671 0.055
10000 512 0.18643794 0.01207589 0.07049853 0.0097
100000 8 0.92885286 0.17625611 0.82206405 0.1812
100000 32 0.76949171 0.10776854 0.60468752 0.1144
100000 128 0.54579282 0.051299149 0.33655113 0.0561
100000 512 0.27789764 0.015938164 0.12483983 0.0169
600000 8 0.90974976 0.091160593 0.81265693 0.0897
600000 32 0.78224845 0.057217115 0.60417664 0.0547
600000 128 0.55800791 0.02935291 0.34965956 0.0278
600000 512 0.29299545 0.010700382 0.13867553 0.0088
