dataset n_anchor method precision recall specificity fpr f1 iou be_fp_mean be_fp_max be_fn_mean be_fn_max n_fp n_fn
linear2d 10 autosafe 0.24487193 1 0.27641212 0.72358788 0.39340903 0.24487193 2.8395947 7.8491499 0 0 58607 0
linear2d 10 convex_hull 1 0.29755328 1 0 0.45863747 0.29755328 0 0 1.0437591 2.9977848 0 13350
linear2d 100 autosafe 0.68163413 0.99205472 0.89127724 0.10872276 0.80805743 0.67793319 0.59147983 1.6711745 0.30236431 0.74317819 8806 151
linear2d 100 convex_hull 1 0.8816101 1 0 0.93708054 0.8816101 0 0 0.25716272 0.98776807 0 2250
linear2d 1000 autosafe 0.87452244 0.99968429 0.9663436 0.033656399 0.93292413 0.87428098 0.20724029 0.55202018 0.071568291 0.11062653 2726 6
linear2d 1000 convex_hull 1 0.98468824 1 0 0.99228506 0.98468824 0 0 0.077850617 0.23394984 0 291
annulus2d 10 autosafe 0.22382964 1 0.53308068 0.46691932 0.36578562 0.22382964 2.3709958 5.2784697 0 0 41151 0
annulus2d 10 convex_hull 0.8832556 0.49473329 0.99119513 0.0088048745 0.63422275 0.46436763 0.35835931 0.96632812 0.59336944 1.5275503 776 5996
annulus2d 100 autosafe 0.70537531 0.99300581 0.94415259 0.055847412 0.82483463 0.70188814 0.44888027 1.4913877 0.15912909 0.31030471 4922 83
annulus2d 100 convex_hull 0.92232232 0.77643886 0.99119513 0.0088048745 0.84311662 0.72878273 0.35835931 0.96632812 0.31571544 1.006022 776 2653
annulus2d 1000 autosafe 0.865327 0.99789332 0.97908842 0.020911577 0.92689418 0.86374909 0.16717887 0.42480567 0.06262422 0.15297201 1843 25
annulus2d 1000 convex_hull 0.93602638 0.95677088 0.99119513 0.0088048745 0.94628495 0.89804635 0.35835931 0.96632812 0.088773092 0.24166895 776 513
twoblobs2d 10 autosafe 0.59504132 0.76 0.98068465 0.019315353 0.66747987 0.50091542 0.45590019 1.2965319 0.37910189 1.3420973 1862 864
twoblobs2d 10 convex_hull 0.45267202 0.36 0.98374481 0.016255187 0.40105214 0.25082253 1.0232974 2.1460416 0.44609924 1.4686035 1567 2304
twoblobs2d 100 autosafe 0.55762082 1 0.97037344 0.029626556 0.71599045 0.55762082 0.3259084 0.78147519 0 0 2856 0
twoblobs2d 100 convex_hull 0.48850932 0.87388889 0.96582988 0.034170124 0.62669323 0.45633885 1.0450349 2.3055127 0.12407709 0.34007341 3294 454
twoblobs2d 1000 autosafe 0.81117621 1 0.99130705 0.0086929461 0.89574521 0.81117621 0.12460429 0.3215553 0 0 838 0
twoblobs2d 1000 convex_hull 0.49664908 0.9675 0.96338174 0.036618257 0.65636484 0.4884993 1.0428692 2.3160822 0.064986825 0.15039251 3530 117
banana2d 10 autosafe 0.36726343 0.52357803 0.96129779 0.038702209 0.43170658 0.27527157 0.59185531 1.5138194 0.26759643 0.9403981 3711 1960
banana2d 10 convex_hull 0.39526277 0.25960136 0.98295893 0.01704107 0.31338028 0.18580376 0.66273363 1.879094 0.29575411 0.99407368 1634 3046
banana2d 100 autosafe 0.48334966 0.95964998 0.9559894 0.044010596 0.64289204 0.4737221 0.31633515 0.86036546 0.15697068 0.32478378 4220 166
banana2d 100 convex_hull 0.35409968 0.85658726 0.93296206 0.067037941 0.5010664 0.33428192 1.2296713 3.3682612 0.11882951 0.32478378 6428 590
banana2d 1000 autosafe 0.72302285 1 0.98356382 0.016436185 0.83924929 0.72302285 0.1299605 0.3320652 0 0 1576 0
banana2d 1000 convex_hull 0.3423796 0.96596986 0.92039505 0.079604948 0.5055658 0.33829914 1.3111028 3.6341119 0.061030662 0.13937872 7633 140
poly5d 10 autosafe 0.02027 1 0 1 0.03973458 0.02027 6.4726472 15.096373 0 0 97973 0
poly5d 10 convex_hull 1 0.0059200789 1 0 0.011770476 0.0059200789 0 0 1.9057117 4.0037983 0 2015
poly5d 100 autosafe 0.020270203 1 1.0206894e-05 0.99998979 0.03973497 0.020270203 6.472561 15.096373 0 0 97972 0
poly5d 100 convex_hull 1 0.25505673 1 0 0.40644654 0.25505673 0 0 1.7307125 2.9793802 0 1510
poly5d 1000 autosafe 0.020943112 1 0.032804956 0.96719504 0.04102699 0.020943112 6.3002582 12.568019 0 0 94759 0
poly5d 1000 convex_hull 1 0.62456833 1 0 0.76890374 0.62456833 0 0 1.5721485 2.5833523 0 761
