dataset n eps zeta_hat_mean log_threshold_mean emp_false_excl_mean emp_false_excl_max specificity_out_mean
annulus2d 500 0.01 0.79037245 1.827252 0.00965 0.029 0.97099
annulus2d 500 0.05 0.95331542 3.4127561 0.05158 0.0762 0.98618
annulus2d 500 0.1 0.98396893 4.4739311 0.09951 0.1304 0.99138
annulus2d 1000 0.01 0.81538289 1.9082571 0.01012 0.0218 0.98019
annulus2d 1000 0.05 0.9669282 3.6569531 0.05207 0.0736 0.99074
annulus2d 1000 0.1 0.98838959 4.7799306 0.1029 0.1468 0.99425
annulus2d 5000 0.01 0.89324509 2.3145979 0.01032 0.017 0.9932
annulus2d 5000 0.05 0.9825508 4.1040519 0.04995 0.0586 0.99684
annulus2d 5000 0.1 0.99456612 5.2802387 0.10245 0.117 0.99808
linear2d 500 0.01 0.6975154 1.4869882 0.00701 0.0154 0.9394
linear2d 500 0.05 0.93761502 3.41957 0.04857 0.068 0.97794
linear2d 500 0.1 0.98485161 4.7135382 0.1026 0.1324 0.98825
linear2d 1000 0.01 0.82344448 1.9489762 0.00915 0.0196 0.97071
linear2d 1000 0.05 0.96752817 3.7121224 0.04895 0.0652 0.98733
linear2d 1000 0.1 0.9886747 4.8612942 0.10094 0.1356 0.99235
linear2d 5000 0.01 0.89178613 2.2590992 0.01038 0.0142 0.98915
linear2d 5000 0.05 0.98346212 4.145826 0.05088 0.062 0.99524
linear2d 5000 0.1 0.99472847 5.2980058 0.1003 0.1122 0.99711
poly5d 500 0.01 1 83.851514 0.01051 0.03 0.96976
poly5d 500 0.05 1 93.408284 0.05037 0.0892 0.98155
poly5d 500 0.1 1 99.556946 0.09993 0.1342 0.98728
poly5d 1000 0.01 1 111.2652 0.01056 0.0222 0.97387
poly5d 1000 0.05 1 124.99307 0.05124 0.064 0.98421
poly5d 1000 0.1 1 134.39175 0.10384 0.125 0.98899
poly5d 5000 0.01 1 183.35038 0.01027 0.0166 0.97872
poly5d 5000 0.05 1 212.60083 0.05156 0.0646 0.98669
poly5d 5000 0.1 1 231.63272 0.10282 0.1112 0.99052
